
-449 1009 0
-1010 0
-453 1011 0
-1009 1011 0
-453 -1009 1012 0
-1010 1012 0
-453 -1010 0
-457 1013 0
-1011 1013 0
-457 -1011 1014 0
-1012 1014 0
-457 -1012 0
-461 1015 0
-1013 1015 0
-461 -1013 1016 0
-1014 1016 0
-461 -1014 0
-465 1017 0
-1015 1017 0
-465 -1015 1018 0
-1016 1018 0
-465 -1016 0
-469 1019 0
-1017 1019 0
-469 -1017 1020 0
-1018 1020 0
-469 -1018 0
-473 1021 0
-1019 1021 0
-473 -1019 1022 0
-1020 1022 0
-473 -1020 0
-477 -1023 0
449 1024 0
-1025 0
-1026 0
-1027 0
-1028 0
-1029 0
453 1030 0
-1024 1030 0
453 -1024 1031 0
-1025 1031 0
453 -1025 1032 0
-1026 1032 0
453 -1026 1033 0
-1027 1033 0
453 -1027 1034 0
-1028 1034 0
453 -1028 1035 0
-1029 1035 0
453 -1029 0
457 1036 0
-1030 1036 0
457 -1030 1037 0
-1031 1037 0
457 -1031 1038 0
-1032 1038 0
457 -1032 1039 0
-1033 1039 0
457 -1033 1040 0
-1034 1040 0
457 -1034 1041 0
-1035 1041 0
457 -1035 0
461 1042 0
-1036 1042 0
461 -1036 1043 0
-1037 1043 0
461 -1037 1044 0
-1038 1044 0
461 -1038 1045 0
-1039 1045 0
461 -1039 1046 0
-1040 1046 0
461 -1040 1047 0
-1041 1047 0
461 -1041 0
465 1048 0
-1042 1048 0
465 -1042 1049 0
-1043 1049 0
465 -1043 1050 0
-1044 1050 0
465 -1044 1051 0
-1045 1051 0
465 -1045 1052 0
-1046 1052 0
465 -1046 1053 0
-1047 1053 0
465 -1047 0
469 1054 0
-1048 1054 0
469 -1048 1055 0
-1049 1055 0
469 -1049 1056 0
-1050 1056 0
469 -1050 1057 0
-1051 1057 0
469 -1051 1058 0
-1052 1058 0
469 -1052 1059 0
-1053 1059 0
469 -1053 0
473 1060 0
-1054 1060 0
473 -1054 1061 0
-1055 1061 0
473 -1055 1062 0
-1056 1062 0
473 -1056 1063 0
-1057 1063 0
473 -1057 1064 0
-1058 1064 0
473 -1058 1065 0
-1059 1065 0
473 -1059 0
477 -1066 0
-450 1067 0
-1068 0
-454 1069 0
-1067 1069 0
-454 -1067 1070 0
-1068 1070 0
-454 -1068 0
-458 1071 0
-1069 1071 0
-458 -1069 1072 0
-1070 1072 0
-458 -1070 0
-462 1073 0
-1071 1073 0
-462 -1071 1074 0
-1072 1074 0
-462 -1072 0
-466 1075 0
-1073 1075 0
-466 -1073 1076 0
-1074 1076 0
-466 -1074 0
-470 1077 0
-1075 1077 0
-470 -1075 1078 0
-1076 1078 0
-470 -1076 0
-474 1079 0
-1077 1079 0
-474 -1077 1080 0
-1078 1080 0
-474 -1078 0
-478 -1081 0
450 1082 0
-1083 0
-1084 0
-1085 0
-1086 0
-1087 0
454 1088 0
-1082 1088 0
454 -1082 1089 0
-1083 1089 0
454 -1083 1090 0
-1084 1090 0
454 -1084 1091 0
-1085 1091 0
454 -1085 1092 0
-1086 1092 0
454 -1086 1093 0
-1087 1093 0
454 -1087 0
458 1094 0
-1088 1094 0
458 -1088 1095 0
-1089 1095 0
458 -1089 1096 0
-1090 1096 0
458 -1090 1097 0
-1091 1097 0
458 -1091 1098 0
-1092 1098 0
458 -1092 1099 0
-1093 1099 0
458 -1093 0
462 1100 0
-1094 1100 0
462 -1094 1101 0
-1095 1101 0
462 -1095 1102 0
-1096 1102 0
462 -1096 1103 0
-1097 1103 0
462 -1097 1104 0
-1098 1104 0
462 -1098 1105 0
-1099 1105 0
462 -1099 0
466 1106 0
-1100 1106 0
466 -1100 1107 0
-1101 1107 0
466 -1101 1108 0
-1102 1108 0
466 -1102 1109 0
-1103 1109 0
466 -1103 1110 0
-1104 1110 0
466 -1104 1111 0
-1105 1111 0
466 -1105 0
470 1112 0
-1106 1112 0
470 -1106 1113 0
-1107 1113 0
470 -1107 1114 0
-1108 1114 0
470 -1108 1115 0
-1109 1115 0
470 -1109 1116 0
-1110 1116 0
470 -1110 1117 0
-1111 1117 0
470 -1111 0
474 1118 0
-1112 1118 0
474 -1112 1119 0
-1113 1119 0
474 -1113 1120 0
-1114 1120 0
474 -1114 1121 0
-1115 1121 0
474 -1115 1122 0
-1116 1122 0
474 -1116 1123 0
-1117 1123 0
474 -1117 0
478 -1124 0
-451 1125 0
-1126 0
-455 1127 0
-1125 1127 0
-455 -1125 1128 0
-1126 1128 0
-455 -1126 0
-459 1129 0
-1127 1129 0
-459 -1127 1130 0
-1128 1130 0
-459 -1128 0
-463 1131 0
-1129 1131 0
-463 -1129 1132 0
-1130 1132 0
-463 -1130 0
-467 1133 0
-1131 1133 0
-467 -1131 1134 0
-1132 1134 0
-467 -1132 0
-471 1135 0
-1133 1135 0
-471 -1133 1136 0
-1134 1136 0
-471 -1134 0
-475 1137 0
-1135 1137 0
-475 -1135 1138 0
-1136 1138 0
-475 -1136 0
-479 -1139 0
451 1140 0
-1141 0
-1142 0
-1143 0
-1144 0
-1145 0
455 1146 0
-1140 1146 0
455 -1140 1147 0
-1141 1147 0
455 -1141 1148 0
-1142 1148 0
455 -1142 1149 0
-1143 1149 0
455 -1143 1150 0
-1144 1150 0
455 -1144 1151 0
-1145 1151 0
455 -1145 0
459 1152 0
-1146 1152 0
459 -1146 1153 0
-1147 1153 0
459 -1147 1154 0
-1148 1154 0
459 -1148 1155 0
-1149 1155 0
459 -1149 1156 0
-1150 1156 0
459 -1150 1157 0
-1151 1157 0
459 -1151 0
463 1158 0
-1152 1158 0
463 -1152 1159 0
-1153 1159 0
463 -1153 1160 0
-1154 1160 0
463 -1154 1161 0
-1155 1161 0
463 -1155 1162 0
-1156 1162 0
463 -1156 1163 0
-1157 1163 0
463 -1157 0
467 1164 0
-1158 1164 0
467 -1158 1165 0
-1159 1165 0
467 -1159 1166 0
-1160 1166 0
467 -1160 1167 0
-1161 1167 0
467 -1161 1168 0
-1162 1168 0
467 -1162 1169 0
-1163 1169 0
467 -1163 0
471 1170 0
-1164 1170 0
471 -1164 1171 0
-1165 1171 0
471 -1165 1172 0
-1166 1172 0
471 -1166 1173 0
-1167 1173 0
471 -1167 1174 0
-1168 1174 0
471 -1168 1175 0
-1169 1175 0
471 -1169 0
475 1176 0
-1170 1176 0
475 -1170 1177 0
-1171 1177 0
475 -1171 1178 0
-1172 1178 0
475 -1172 1179 0
-1173 1179 0
475 -1173 1180 0
-1174 1180 0
475 -1174 1181 0
-1175 1181 0
475 -1175 0
479 -1182 0
-452 1183 0
-1184 0
-456 1185 0
-1183 1185 0
-456 -1183 1186 0
-1184 1186 0
-456 -1184 0
-460 1187 0
-1185 1187 0
-460 -1185 1188 0
-1186 1188 0
-460 -1186 0
-464 1189 0
-1187 1189 0
-464 -1187 1190 0
-1188 1190 0
-464 -1188 0
-468 1191 0
-1189 1191 0
-468 -1189 1192 0
-1190 1192 0
-468 -1190 0
-472 1193 0
-1191 1193 0
-472 -1191 1194 0
-1192 1194 0
-472 -1192 0
-476 1195 0
-1193 1195 0
-476 -1193 1196 0
-1194 1196 0
-476 -1194 0
-480 -1197 0
452 1198 0
-1199 0
-1200 0
-1201 0
-1202 0
-1203 0
456 1204 0
-1198 1204 0
456 -1198 1205 0
-1199 1205 0
456 -1199 1206 0
-1200 1206 0
456 -1200 1207 0
-1201 1207 0
456 -1201 1208 0
-1202 1208 0
456 -1202 1209 0
-1203 1209 0
456 -1203 0
460 1210 0
-1204 1210 0
460 -1204 1211 0
-1205 1211 0
460 -1205 1212 0
-1206 1212 0
460 -1206 1213 0
-1207 1213 0
460 -1207 1214 0
-1208 1214 0
460 -1208 1215 0
-1209 1215 0
460 -1209 0
464 1216 0
-1210 1216 0
464 -1210 1217 0
-1211 1217 0
464 -1211 1218 0
-1212 1218 0
464 -1212 1219 0
-1213 1219 0
464 -1213 1220 0
-1214 1220 0
464 -1214 1221 0
-1215 1221 0
464 -1215 0
468 1222 0
-1216 1222 0
468 -1216 1223 0
-1217 1223 0
468 -1217 1224 0
-1218 1224 0
468 -1218 1225 0
-1219 1225 0
468 -1219 1226 0
-1220 1226 0
468 -1220 1227 0
-1221 1227 0
468 -1221 0
472 1228 0
-1222 1228 0
472 -1222 1229 0
-1223 1229 0
472 -1223 1230 0
-1224 1230 0
472 -1224 1231 0
-1225 1231 0
472 -1225 1232 0
-1226 1232 0
472 -1226 1233 0
-1227 1233 0
472 -1227 0
476 1234 0
-1228 1234 0
476 -1228 1235 0
-1229 1235 0
476 -1229 1236 0
-1230 1236 0
476 -1230 1237 0
-1231 1237 0
476 -1231 1238 0
-1232 1238 0
476 -1232 1239 0
-1233 1239 0
476 -1233 0
480 -1240 0
-481 1241 0
-1242 0
-485 1243 0
-1241 1243 0
-485 -1241 1244 0
-1242 1244 0
-485 -1242 0
-489 1245 0
-1243 1245 0
-489 -1243 1246 0
-1244 1246 0
-489 -1244 0
-493 1247 0
-1245 1247 0
-493 -1245 1248 0
-1246 1248 0
-493 -1246 0
-497 1249 0
-1247 1249 0
-497 -1247 1250 0
-1248 1250 0
-497 -1248 0
-501 1251 0
-1249 1251 0
-501 -1249 1252 0
-1250 1252 0
-501 -1250 0
-505 1253 0
-1251 1253 0
-505 -1251 1254 0
-1252 1254 0
-505 -1252 0
-509 -1255 0
481 1256 0
-1257 0
-1258 0
-1259 0
-1260 0
-1261 0
485 1262 0
-1256 1262 0
485 -1256 1263 0
-1257 1263 0
485 -1257 1264 0
-1258 1264 0
485 -1258 1265 0
-1259 1265 0
485 -1259 1266 0
-1260 1266 0
485 -1260 1267 0
-1261 1267 0
485 -1261 0
489 1268 0
-1262 1268 0
489 -1262 1269 0
-1263 1269 0
489 -1263 1270 0
-1264 1270 0
489 -1264 1271 0
-1265 1271 0
489 -1265 1272 0
-1266 1272 0
489 -1266 1273 0
-1267 1273 0
489 -1267 0
493 1274 0
-1268 1274 0
493 -1268 1275 0
-1269 1275 0
493 -1269 1276 0
-1270 1276 0
493 -1270 1277 0
-1271 1277 0
493 -1271 1278 0
-1272 1278 0
493 -1272 1279 0
-1273 1279 0
493 -1273 0
497 1280 0
-1274 1280 0
497 -1274 1281 0
-1275 1281 0
497 -1275 1282 0
-1276 1282 0
497 -1276 1283 0
-1277 1283 0
497 -1277 1284 0
-1278 1284 0
497 -1278 1285 0
-1279 1285 0
497 -1279 0
501 1286 0
-1280 1286 0
501 -1280 1287 0
-1281 1287 0
501 -1281 1288 0
-1282 1288 0
501 -1282 1289 0
-1283 1289 0
501 -1283 1290 0
-1284 1290 0
501 -1284 1291 0
-1285 1291 0
501 -1285 0
505 1292 0
-1286 1292 0
505 -1286 1293 0
-1287 1293 0
505 -1287 1294 0
-1288 1294 0
505 -1288 1295 0
-1289 1295 0
505 -1289 1296 0
-1290 1296 0
505 -1290 1297 0
-1291 1297 0
505 -1291 0
509 -1298 0
-482 1299 0
-1300 0
-486 1301 0
-1299 1301 0
-486 -1299 1302 0
-1300 1302 0
-486 -1300 0
-490 1303 0
-1301 1303 0
-490 -1301 1304 0
-1302 1304 0
-490 -1302 0
-494 1305 0
-1303 1305 0
-494 -1303 1306 0
-1304 1306 0
-494 -1304 0
-498 1307 0
-1305 1307 0
-498 -1305 1308 0
-1306 1308 0
-498 -1306 0
-502 1309 0
-1307 1309 0
-502 -1307 1310 0
-1308 1310 0
-502 -1308 0
-506 1311 0
-1309 1311 0
-506 -1309 1312 0
-1310 1312 0
-506 -1310 0
-510 -1313 0
482 1314 0
-1315 0
-1316 0
-1317 0
-1318 0
-1319 0
486 1320 0
-1314 1320 0
486 -1314 1321 0
-1315 1321 0
486 -1315 1322 0
-1316 1322 0
486 -1316 1323 0
-1317 1323 0
486 -1317 1324 0
-1318 1324 0
486 -1318 1325 0
-1319 1325 0
486 -1319 0
490 1326 0
-1320 1326 0
490 -1320 1327 0
-1321 1327 0
490 -1321 1328 0
-1322 1328 0
490 -1322 1329 0
-1323 1329 0
490 -1323 1330 0
-1324 1330 0
490 -1324 1331 0
-1325 1331 0
490 -1325 0
494 1332 0
-1326 1332 0
494 -1326 1333 0
-1327 1333 0
494 -1327 1334 0
-1328 1334 0
494 -1328 1335 0
-1329 1335 0
494 -1329 1336 0
-1330 1336 0
494 -1330 1337 0
-1331 1337 0
494 -1331 0
498 1338 0
-1332 1338 0
498 -1332 1339 0
-1333 1339 0
498 -1333 1340 0
-1334 1340 0
498 -1334 1341 0
-1335 1341 0
498 -1335 1342 0
-1336 1342 0
498 -1336 1343 0
-1337 1343 0
498 -1337 0
502 1344 0
-1338 1344 0
502 -1338 1345 0
-1339 1345 0
502 -1339 1346 0
-1340 1346 0
502 -1340 1347 0
-1341 1347 0
502 -1341 1348 0
-1342 1348 0
502 -1342 1349 0
-1343 1349 0
502 -1343 0
506 1350 0
-1344 1350 0
506 -1344 1351 0
-1345 1351 0
506 -1345 1352 0
-1346 1352 0
506 -1346 1353 0
-1347 1353 0
506 -1347 1354 0
-1348 1354 0
506 -1348 1355 0
-1349 1355 0
506 -1349 0
510 -1356 0
-483 1357 0
-1358 0
-487 1359 0
-1357 1359 0
-487 -1357 1360 0
-1358 1360 0
-487 -1358 0
-491 1361 0
-1359 1361 0
-491 -1359 1362 0
-1360 1362 0
-491 -1360 0
-495 1363 0
-1361 1363 0
-495 -1361 1364 0
-1362 1364 0
-495 -1362 0
-499 1365 0
-1363 1365 0
-499 -1363 1366 0
-1364 1366 0
-499 -1364 0
-503 1367 0
-1365 1367 0
-503 -1365 1368 0
-1366 1368 0
-503 -1366 0
-507 1369 0
-1367 1369 0
-507 -1367 1370 0
-1368 1370 0
-507 -1368 0
-511 -1371 0
483 1372 0
-1373 0
-1374 0
-1375 0
-1376 0
-1377 0
487 1378 0
-1372 1378 0
487 -1372 1379 0
-1373 1379 0
487 -1373 1380 0
-1374 1380 0
487 -1374 1381 0
-1375 1381 0
487 -1375 1382 0
-1376 1382 0
487 -1376 1383 0
-1377 1383 0
487 -1377 0
491 1384 0
-1378 1384 0
491 -1378 1385 0
-1379 1385 0
491 -1379 1386 0
-1380 1386 0
491 -1380 1387 0
-1381 1387 0
491 -1381 1388 0
-1382 1388 0
491 -1382 1389 0
-1383 1389 0
491 -1383 0
495 1390 0
-1384 1390 0
495 -1384 1391 0
-1385 1391 0
495 -1385 1392 0
-1386 1392 0
495 -1386 1393 0
-1387 1393 0
495 -1387 1394 0
-1388 1394 0
495 -1388 1395 0
-1389 1395 0
495 -1389 0
499 1396 0
-1390 1396 0
499 -1390 1397 0
-1391 1397 0
499 -1391 1398 0
-1392 1398 0
499 -1392 1399 0
-1393 1399 0
499 -1393 1400 0
-1394 1400 0
499 -1394 1401 0
-1395 1401 0
499 -1395 0
503 1402 0
-1396 1402 0
503 -1396 1403 0
-1397 1403 0
503 -1397 1404 0
-1398 1404 0
503 -1398 1405 0
-1399 1405 0
503 -1399 1406 0
-1400 1406 0
503 -1400 1407 0
-1401 1407 0
503 -1401 0
507 1408 0
-1402 1408 0
507 -1402 1409 0
-1403 1409 0
507 -1403 1410 0
-1404 1410 0
507 -1404 1411 0
-1405 1411 0
507 -1405 1412 0
-1406 1412 0
507 -1406 1413 0
-1407 1413 0
507 -1407 0
511 -1414 0
-484 1415 0
-1416 0
-488 1417 0
-1415 1417 0
-488 -1415 1418 0
-1416 1418 0
-488 -1416 0
-492 1419 0
-1417 1419 0
-492 -1417 1420 0
-1418 1420 0
-492 -1418 0
-496 1421 0
-1419 1421 0
-496 -1419 1422 0
-1420 1422 0
-496 -1420 0
-500 1423 0
-1421 1423 0
-500 -1421 1424 0
-1422 1424 0
-500 -1422 0
-504 1425 0
-1423 1425 0
-504 -1423 1426 0
-1424 1426 0
-504 -1424 0
-508 1427 0
-1425 1427 0
-508 -1425 1428 0
-1426 1428 0
-508 -1426 0
-512 -1429 0
484 1430 0
-1431 0
-1432 0
-1433 0
-1434 0
-1435 0
488 1436 0
-1430 1436 0
488 -1430 1437 0
-1431 1437 0
488 -1431 1438 0
-1432 1438 0
488 -1432 1439 0
-1433 1439 0
488 -1433 1440 0
-1434 1440 0
488 -1434 1441 0
-1435 1441 0
488 -1435 0
492 1442 0
-1436 1442 0
492 -1436 1443 0
-1437 1443 0
492 -1437 1444 0
-1438 1444 0
492 -1438 1445 0
-1439 1445 0
492 -1439 1446 0
-1440 1446 0
492 -1440 1447 0
-1441 1447 0
492 -1441 0
496 1448 0
-1442 1448 0
496 -1442 1449 0
-1443 1449 0
496 -1443 1450 0
-1444 1450 0
496 -1444 1451 0
-1445 1451 0
496 -1445 1452 0
-1446 1452 0
496 -1446 1453 0
-1447 1453 0
496 -1447 0
500 1454 0
-1448 1454 0
500 -1448 1455 0
-1449 1455 0
500 -1449 1456 0
-1450 1456 0
500 -1450 1457 0
-1451 1457 0
500 -1451 1458 0
-1452 1458 0
500 -1452 1459 0
-1453 1459 0
500 -1453 0
504 1460 0
-1454 1460 0
504 -1454 1461 0
-1455 1461 0
504 -1455 1462 0
-1456 1462 0
504 -1456 1463 0
-1457 1463 0
504 -1457 1464 0
-1458 1464 0
504 -1458 1465 0
-1459 1465 0
504 -1459 0
508 1466 0
-1460 1466 0
508 -1460 1467 0
-1461 1467 0
508 -1461 1468 0
-1462 1468 0
508 -1462 1469 0
-1463 1469 0
508 -1463 1470 0
-1464 1470 0
508 -1464 1471 0
-1465 1471 0
508 -1465 0
512 -1472 0
-513 1473 0
-1474 0
-517 1475 0
-1473 1475 0
-517 -1473 1476 0
-1474 1476 0
-517 -1474 0
-521 1477 0
-1475 1477 0
-521 -1475 1478 0
-1476 1478 0
-521 -1476 0
-525 1479 0
-1477 1479 0
-525 -1477 1480 0
-1478 1480 0
-525 -1478 0
-529 1481 0
-1479 1481 0
-529 -1479 1482 0
-1480 1482 0
-529 -1480 0
-533 1483 0
-1481 1483 0
-533 -1481 1484 0
-1482 1484 0
-533 -1482 0
-537 1485 0
-1483 1485 0
-537 -1483 1486 0
-1484 1486 0
-537 -1484 0
-541 -1487 0
513 1488 0
-1489 0
-1490 0
-1491 0
-1492 0
-1493 0
517 1494 0
-1488 1494 0
517 -1488 1495 0
-1489 1495 0
517 -1489 1496 0
-1490 1496 0
517 -1490 1497 0
-1491 1497 0
517 -1491 1498 0
-1492 1498 0
517 -1492 1499 0
-1493 1499 0
517 -1493 0
521 1500 0
-1494 1500 0
521 -1494 1501 0
-1495 1501 0
521 -1495 1502 0
-1496 1502 0
521 -1496 1503 0
-1497 1503 0
521 -1497 1504 0
-1498 1504 0
521 -1498 1505 0
-1499 1505 0
521 -1499 0
525 1506 0
-1500 1506 0
525 -1500 1507 0
-1501 1507 0
525 -1501 1508 0
-1502 1508 0
525 -1502 1509 0
-1503 1509 0
525 -1503 1510 0
-1504 1510 0
525 -1504 1511 0
-1505 1511 0
525 -1505 0
529 1512 0
-1506 1512 0
529 -1506 1513 0
-1507 1513 0
529 -1507 1514 0
-1508 1514 0
529 -1508 1515 0
-1509 1515 0
529 -1509 1516 0
-1510 1516 0
529 -1510 1517 0
-1511 1517 0
529 -1511 0
533 1518 0
-1512 1518 0
533 -1512 1519 0
-1513 1519 0
533 -1513 1520 0
-1514 1520 0
533 -1514 1521 0
-1515 1521 0
533 -1515 1522 0
-1516 1522 0
533 -1516 1523 0
-1517 1523 0
533 -1517 0
537 1524 0
-1518 1524 0
537 -1518 1525 0
-1519 1525 0
537 -1519 1526 0
-1520 1526 0
537 -1520 1527 0
-1521 1527 0
537 -1521 1528 0
-1522 1528 0
537 -1522 1529 0
-1523 1529 0
537 -1523 0
541 -1530 0
-514 1531 0
-1532 0
-518 1533 0
-1531 1533 0
-518 -1531 1534 0
-1532 1534 0
-518 -1532 0
-522 1535 0
-1533 1535 0
-522 -1533 1536 0
-1534 1536 0
-522 -1534 0
-526 1537 0
-1535 1537 0
-526 -1535 1538 0
-1536 1538 0
-526 -1536 0
-530 1539 0
-1537 1539 0
-530 -1537 1540 0
-1538 1540 0
-530 -1538 0
-534 1541 0
-1539 1541 0
-534 -1539 1542 0
-1540 1542 0
-534 -1540 0
-538 1543 0
-1541 1543 0
-538 -1541 1544 0
-1542 1544 0
-538 -1542 0
-542 -1545 0
514 1546 0
-1547 0
-1548 0
-1549 0
-1550 0
-1551 0
518 1552 0
-1546 1552 0
518 -1546 1553 0
-1547 1553 0
518 -1547 1554 0
-1548 1554 0
518 -1548 1555 0
-1549 1555 0
518 -1549 1556 0
-1550 1556 0
518 -1550 1557 0
-1551 1557 0
518 -1551 0
522 1558 0
-1552 1558 0
522 -1552 1559 0
-1553 1559 0
522 -1553 1560 0
-1554 1560 0
522 -1554 1561 0
-1555 1561 0
522 -1555 1562 0
-1556 1562 0
522 -1556 1563 0
-1557 1563 0
522 -1557 0
526 1564 0
-1558 1564 0
526 -1558 1565 0
-1559 1565 0
526 -1559 1566 0
-1560 1566 0
526 -1560 1567 0
-1561 1567 0
526 -1561 1568 0
-1562 1568 0
526 -1562 1569 0
-1563 1569 0
526 -1563 0
530 1570 0
-1564 1570 0
530 -1564 1571 0
-1565 1571 0
530 -1565 1572 0
-1566 1572 0
530 -1566 1573 0
-1567 1573 0
530 -1567 1574 0
-1568 1574 0
530 -1568 1575 0
-1569 1575 0
530 -1569 0
534 1576 0
-1570 1576 0
534 -1570 1577 0
-1571 1577 0
534 -1571 1578 0
-1572 1578 0
534 -1572 1579 0
-1573 1579 0
534 -1573 1580 0
-1574 1580 0
534 -1574 1581 0
-1575 1581 0
534 -1575 0
538 1582 0
-1576 1582 0
538 -1576 1583 0
-1577 1583 0
538 -1577 1584 0
-1578 1584 0
538 -1578 1585 0
-1579 1585 0
538 -1579 1586 0
-1580 1586 0
538 -1580 1587 0
-1581 1587 0
538 -1581 0
542 -1588 0
-515 1589 0
-1590 0
-519 1591 0
-1589 1591 0
-519 -1589 1592 0
-1590 1592 0
-519 -1590 0
-523 1593 0
-1591 1593 0
-523 -1591 1594 0
-1592 1594 0
-523 -1592 0
-527 1595 0
-1593 1595 0
-527 -1593 1596 0
-1594 1596 0
-527 -1594 0
-531 1597 0
-1595 1597 0
-531 -1595 1598 0
-1596 1598 0
-531 -1596 0
-535 1599 0
-1597 1599 0
-535 -1597 1600 0
-1598 1600 0
-535 -1598 0
-539 1601 0
-1599 1601 0
-539 -1599 1602 0
-1600 1602 0
-539 -1600 0
-543 -1603 0
515 1604 0
-1605 0
-1606 0
-1607 0
-1608 0
-1609 0
519 1610 0
-1604 1610 0
519 -1604 1611 0
-1605 1611 0
519 -1605 1612 0
-1606 1612 0
519 -1606 1613 0
-1607 1613 0
519 -1607 1614 0
-1608 1614 0
519 -1608 1615 0
-1609 1615 0
519 -1609 0
523 1616 0
-1610 1616 0
523 -1610 1617 0
-1611 1617 0
523 -1611 1618 0
-1612 1618 0
523 -1612 1619 0
-1613 1619 0
523 -1613 1620 0
-1614 1620 0
523 -1614 1621 0
-1615 1621 0
523 -1615 0
527 1622 0
-1616 1622 0
527 -1616 1623 0
-1617 1623 0
527 -1617 1624 0
-1618 1624 0
527 -1618 1625 0
-1619 1625 0
527 -1619 1626 0
-1620 1626 0
527 -1620 1627 0
-1621 1627 0
527 -1621 0
531 1628 0
-1622 1628 0
531 -1622 1629 0
-1623 1629 0
531 -1623 1630 0
-1624 1630 0
531 -1624 1631 0
-1625 1631 0
531 -1625 1632 0
-1626 1632 0
531 -1626 1633 0
-1627 1633 0
531 -1627 0
535 1634 0
-1628 1634 0
535 -1628 1635 0
-1629 1635 0
535 -1629 1636 0
-1630 1636 0
535 -1630 1637 0
-1631 1637 0
535 -1631 1638 0
-1632 1638 0
535 -1632 1639 0
-1633 1639 0
535 -1633 0
539 1640 0
-1634 1640 0
539 -1634 1641 0
-1635 1641 0
539 -1635 1642 0
-1636 1642 0
539 -1636 1643 0
-1637 1643 0
539 -1637 1644 0
-1638 1644 0
539 -1638 1645 0
-1639 1645 0
539 -1639 0
543 -1646 0
-516 1647 0
-1648 0
-520 1649 0
-1647 1649 0
-520 -1647 1650 0
-1648 1650 0
-520 -1648 0
-524 1651 0
-1649 1651 0
-524 -1649 1652 0
-1650 1652 0
-524 -1650 0
-528 1653 0
-1651 1653 0
-528 -1651 1654 0
-1652 1654 0
-528 -1652 0
-532 1655 0
-1653 1655 0
-532 -1653 1656 0
-1654 1656 0
-532 -1654 0
-536 1657 0
-1655 1657 0
-536 -1655 1658 0
-1656 1658 0
-536 -1656 0
-540 1659 0
-1657 1659 0
-540 -1657 1660 0
-1658 1660 0
-540 -1658 0
-544 -1661 0
516 1662 0
-1663 0
-1664 0
-1665 0
-1666 0
-1667 0
520 1668 0
-1662 1668 0
520 -1662 1669 0
-1663 1669 0
520 -1663 1670 0
-1664 1670 0
520 -1664 1671 0
-1665 1671 0
520 -1665 1672 0
-1666 1672 0
520 -1666 1673 0
-1667 1673 0
520 -1667 0
524 1674 0
-1668 1674 0
524 -1668 1675 0
-1669 1675 0
524 -1669 1676 0
-1670 1676 0
524 -1670 1677 0
-1671 1677 0
524 -1671 1678 0
-1672 1678 0
524 -1672 1679 0
-1673 1679 0
524 -1673 0
528 1680 0
-1674 1680 0
528 -1674 1681 0
-1675 1681 0
528 -1675 1682 0
-1676 1682 0
528 -1676 1683 0
-1677 1683 0
528 -1677 1684 0
-1678 1684 0
528 -1678 1685 0
-1679 1685 0
528 -1679 0
532 1686 0
-1680 1686 0
532 -1680 1687 0
-1681 1687 0
532 -1681 1688 0
-1682 1688 0
532 -1682 1689 0
-1683 1689 0
532 -1683 1690 0
-1684 1690 0
532 -1684 1691 0
-1685 1691 0
532 -1685 0
536 1692 0
-1686 1692 0
536 -1686 1693 0
-1687 1693 0
536 -1687 1694 0
-1688 1694 0
536 -1688 1695 0
-1689 1695 0
536 -1689 1696 0
-1690 1696 0
536 -1690 1697 0
-1691 1697 0
536 -1691 0
540 1698 0
-1692 1698 0
540 -1692 1699 0
-1693 1699 0
540 -1693 1700 0
-1694 1700 0
540 -1694 1701 0
-1695 1701 0
540 -1695 1702 0
-1696 1702 0
540 -1696 1703 0
-1697 1703 0
540 -1697 0
544 -1704 0
-545 1705 0
-1706 0
-549 1707 0
-1705 1707 0
-549 -1705 1708 0
-1706 1708 0
-549 -1706 0
-553 1709 0
-1707 1709 0
-553 -1707 1710 0
-1708 1710 0
-553 -1708 0
-557 1711 0
-1709 1711 0
-557 -1709 1712 0
-1710 1712 0
-557 -1710 0
-561 1713 0
-1711 1713 0
-561 -1711 1714 0
-1712 1714 0
-561 -1712 0
-565 1715 0
-1713 1715 0
-565 -1713 1716 0
-1714 1716 0
-565 -1714 0
-569 1717 0
-1715 1717 0
-569 -1715 1718 0
-1716 1718 0
-569 -1716 0
-573 -1719 0
545 1720 0
-1721 0
-1722 0
-1723 0
-1724 0
-1725 0
549 1726 0
-1720 1726 0
549 -1720 1727 0
-1721 1727 0
549 -1721 1728 0
-1722 1728 0
549 -1722 1729 0
-1723 1729 0
549 -1723 1730 0
-1724 1730 0
549 -1724 1731 0
-1725 1731 0
549 -1725 0
553 1732 0
-1726 1732 0
553 -1726 1733 0
-1727 1733 0
553 -1727 1734 0
-1728 1734 0
553 -1728 1735 0
-1729 1735 0
553 -1729 1736 0
-1730 1736 0
553 -1730 1737 0
-1731 1737 0
553 -1731 0
557 1738 0
-1732 1738 0
557 -1732 1739 0
-1733 1739 0
557 -1733 1740 0
-1734 1740 0
557 -1734 1741 0
-1735 1741 0
557 -1735 1742 0
-1736 1742 0
557 -1736 1743 0
-1737 1743 0
557 -1737 0
561 1744 0
-1738 1744 0
561 -1738 1745 0
-1739 1745 0
561 -1739 1746 0
-1740 1746 0
561 -1740 1747 0
-1741 1747 0
561 -1741 1748 0
-1742 1748 0
561 -1742 1749 0
-1743 1749 0
561 -1743 0
565 1750 0
-1744 1750 0
565 -1744 1751 0
-1745 1751 0
565 -1745 1752 0
-1746 1752 0
565 -1746 1753 0
-1747 1753 0
565 -1747 1754 0
-1748 1754 0
565 -1748 1755 0
-1749 1755 0
565 -1749 0
569 1756 0
-1750 1756 0
569 -1750 1757 0
-1751 1757 0
569 -1751 1758 0
-1752 1758 0
569 -1752 1759 0
-1753 1759 0
569 -1753 1760 0
-1754 1760 0
569 -1754 1761 0
-1755 1761 0
569 -1755 0
573 -1762 0
-546 1763 0
-1764 0
-550 1765 0
-1763 1765 0
-550 -1763 1766 0
-1764 1766 0
-550 -1764 0
-554 1767 0
-1765 1767 0
-554 -1765 1768 0
-1766 1768 0
-554 -1766 0
-558 1769 0
-1767 1769 0
-558 -1767 1770 0
-1768 1770 0
-558 -1768 0
-562 1771 0
-1769 1771 0
-562 -1769 1772 0
-1770 1772 0
-562 -1770 0
-566 1773 0
-1771 1773 0
-566 -1771 1774 0
-1772 1774 0
-566 -1772 0
-570 1775 0
-1773 1775 0
-570 -1773 1776 0
-1774 1776 0
-570 -1774 0
-574 -1777 0
546 1778 0
-1779 0
-1780 0
-1781 0
-1782 0
-1783 0
550 1784 0
-1778 1784 0
550 -1778 1785 0
-1779 1785 0
550 -1779 1786 0
-1780 1786 0
550 -1780 1787 0
-1781 1787 0
550 -1781 1788 0
-1782 1788 0
550 -1782 1789 0
-1783 1789 0
550 -1783 0
554 1790 0
-1784 1790 0
554 -1784 1791 0
-1785 1791 0
554 -1785 1792 0
-1786 1792 0
554 -1786 1793 0
-1787 1793 0
554 -1787 1794 0
-1788 1794 0
554 -1788 1795 0
-1789 1795 0
554 -1789 0
558 1796 0
-1790 1796 0
558 -1790 1797 0
-1791 1797 0
558 -1791 1798 0
-1792 1798 0
558 -1792 1799 0
-1793 1799 0
558 -1793 1800 0
-1794 1800 0
558 -1794 1801 0
-1795 1801 0
558 -1795 0
562 1802 0
-1796 1802 0
562 -1796 1803 0
-1797 1803 0
562 -1797 1804 0
-1798 1804 0
562 -1798 1805 0
-1799 1805 0
562 -1799 1806 0
-1800 1806 0
562 -1800 1807 0
-1801 1807 0
562 -1801 0
566 1808 0
-1802 1808 0
566 -1802 1809 0
-1803 1809 0
566 -1803 1810 0
-1804 1810 0
566 -1804 1811 0
-1805 1811 0
566 -1805 1812 0
-1806 1812 0
566 -1806 1813 0
-1807 1813 0
566 -1807 0
570 1814 0
-1808 1814 0
570 -1808 1815 0
-1809 1815 0
570 -1809 1816 0
-1810 1816 0
570 -1810 1817 0
-1811 1817 0
570 -1811 1818 0
-1812 1818 0
570 -1812 1819 0
-1813 1819 0
570 -1813 0
574 -1820 0
-547 1821 0
-1822 0
-551 1823 0
-1821 1823 0
-551 -1821 1824 0
-1822 1824 0
-551 -1822 0
-555 1825 0
-1823 1825 0
-555 -1823 1826 0
-1824 1826 0
-555 -1824 0
-559 1827 0
-1825 1827 0
-559 -1825 1828 0
-1826 1828 0
-559 -1826 0
-563 1829 0
-1827 1829 0
-563 -1827 1830 0
-1828 1830 0
-563 -1828 0
-567 1831 0
-1829 1831 0
-567 -1829 1832 0
-1830 1832 0
-567 -1830 0
-571 1833 0
-1831 1833 0
-571 -1831 1834 0
-1832 1834 0
-571 -1832 0
-575 -1835 0
547 1836 0
-1837 0
-1838 0
-1839 0
-1840 0
-1841 0
551 1842 0
-1836 1842 0
551 -1836 1843 0
-1837 1843 0
551 -1837 1844 0
-1838 1844 0
551 -1838 1845 0
-1839 1845 0
551 -1839 1846 0
-1840 1846 0
551 -1840 1847 0
-1841 1847 0
551 -1841 0
555 1848 0
-1842 1848 0
555 -1842 1849 0
-1843 1849 0
555 -1843 1850 0
-1844 1850 0
555 -1844 1851 0
-1845 1851 0
555 -1845 1852 0
-1846 1852 0
555 -1846 1853 0
-1847 1853 0
555 -1847 0
559 1854 0
-1848 1854 0
559 -1848 1855 0
-1849 1855 0
559 -1849 1856 0
-1850 1856 0
559 -1850 1857 0
-1851 1857 0
559 -1851 1858 0
-1852 1858 0
559 -1852 1859 0
-1853 1859 0
559 -1853 0
563 1860 0
-1854 1860 0
563 -1854 1861 0
-1855 1861 0
563 -1855 1862 0
-1856 1862 0
563 -1856 1863 0
-1857 1863 0
563 -1857 1864 0
-1858 1864 0
563 -1858 1865 0
-1859 1865 0
563 -1859 0
567 1866 0
-1860 1866 0
567 -1860 1867 0
-1861 1867 0
567 -1861 1868 0
-1862 1868 0
567 -1862 1869 0
-1863 1869 0
567 -1863 1870 0
-1864 1870 0
567 -1864 1871 0
-1865 1871 0
567 -1865 0
571 1872 0
-1866 1872 0
571 -1866 1873 0
-1867 1873 0
571 -1867 1874 0
-1868 1874 0
571 -1868 1875 0
-1869 1875 0
571 -1869 1876 0
-1870 1876 0
571 -1870 1877 0
-1871 1877 0
571 -1871 0
575 -1878 0
-548 1879 0
-1880 0
-552 1881 0
-1879 1881 0
-552 -1879 1882 0
-1880 1882 0
-552 -1880 0
-556 1883 0
-1881 1883 0
-556 -1881 1884 0
-1882 1884 0
-556 -1882 0
-560 1885 0
-1883 1885 0
-560 -1883 1886 0
-1884 1886 0
-560 -1884 0
-564 1887 0
-1885 1887 0
-564 -1885 1888 0
-1886 1888 0
-564 -1886 0
-568 1889 0
-1887 1889 0
-568 -1887 1890 0
-1888 1890 0
-568 -1888 0
-572 1891 0
-1889 1891 0
-572 -1889 1892 0
-1890 1892 0
-572 -1890 0
-576 -1893 0
548 1894 0
-1895 0
-1896 0
-1897 0
-1898 0
-1899 0
552 1900 0
-1894 1900 0
552 -1894 1901 0
-1895 1901 0
552 -1895 1902 0
-1896 1902 0
552 -1896 1903 0
-1897 1903 0
552 -1897 1904 0
-1898 1904 0
552 -1898 1905 0
-1899 1905 0
552 -1899 0
556 1906 0
-1900 1906 0
556 -1900 1907 0
-1901 1907 0
556 -1901 1908 0
-1902 1908 0
556 -1902 1909 0
-1903 1909 0
556 -1903 1910 0
-1904 1910 0
556 -1904 1911 0
-1905 1911 0
556 -1905 0
560 1912 0
-1906 1912 0
560 -1906 1913 0
-1907 1913 0
560 -1907 1914 0
-1908 1914 0
560 -1908 1915 0
-1909 1915 0
560 -1909 1916 0
-1910 1916 0
560 -1910 1917 0
-1911 1917 0
560 -1911 0
564 1918 0
-1912 1918 0
564 -1912 1919 0
-1913 1919 0
564 -1913 1920 0
-1914 1920 0
564 -1914 1921 0
-1915 1921 0
564 -1915 1922 0
-1916 1922 0
564 -1916 1923 0
-1917 1923 0
564 -1917 0
568 1924 0
-1918 1924 0
568 -1918 1925 0
-1919 1925 0
568 -1919 1926 0
-1920 1926 0
568 -1920 1927 0
-1921 1927 0
568 -1921 1928 0
-1922 1928 0
568 -1922 1929 0
-1923 1929 0
568 -1923 0
572 1930 0
-1924 1930 0
572 -1924 1931 0
-1925 1931 0
572 -1925 1932 0
-1926 1932 0
572 -1926 1933 0
-1927 1933 0
572 -1927 1934 0
-1928 1934 0
572 -1928 1935 0
-1929 1935 0
572 -1929 0
576 -1936 0
-577 1937 0
-1938 0
-581 1939 0
-1937 1939 0
-581 -1937 1940 0
-1938 1940 0
-581 -1938 0
-585 1941 0
-1939 1941 0
-585 -1939 1942 0
-1940 1942 0
-585 -1940 0
-589 1943 0
-1941 1943 0
-589 -1941 1944 0
-1942 1944 0
-589 -1942 0
-593 1945 0
-1943 1945 0
-593 -1943 1946 0
-1944 1946 0
-593 -1944 0
-597 1947 0
-1945 1947 0
-597 -1945 1948 0
-1946 1948 0
-597 -1946 0
-601 1949 0
-1947 1949 0
-601 -1947 1950 0
-1948 1950 0
-601 -1948 0
-605 -1951 0
577 1952 0
-1953 0
-1954 0
-1955 0
-1956 0
-1957 0
581 1958 0
-1952 1958 0
581 -1952 1959 0
-1953 1959 0
581 -1953 1960 0
-1954 1960 0
581 -1954 1961 0
-1955 1961 0
581 -1955 1962 0
-1956 1962 0
581 -1956 1963 0
-1957 1963 0
581 -1957 0
585 1964 0
-1958 1964 0
585 -1958 1965 0
-1959 1965 0
585 -1959 1966 0
-1960 1966 0
585 -1960 1967 0
-1961 1967 0
585 -1961 1968 0
-1962 1968 0
585 -1962 1969 0
-1963 1969 0
585 -1963 0
589 1970 0
-1964 1970 0
589 -1964 1971 0
-1965 1971 0
589 -1965 1972 0
-1966 1972 0
589 -1966 1973 0
-1967 1973 0
589 -1967 1974 0
-1968 1974 0
589 -1968 1975 0
-1969 1975 0
589 -1969 0
593 1976 0
-1970 1976 0
593 -1970 1977 0
-1971 1977 0
593 -1971 1978 0
-1972 1978 0
593 -1972 1979 0
-1973 1979 0
593 -1973 1980 0
-1974 1980 0
593 -1974 1981 0
-1975 1981 0
593 -1975 0
597 1982 0
-1976 1982 0
597 -1976 1983 0
-1977 1983 0
597 -1977 1984 0
-1978 1984 0
597 -1978 1985 0
-1979 1985 0
597 -1979 1986 0
-1980 1986 0
597 -1980 1987 0
-1981 1987 0
597 -1981 0
601 1988 0
-1982 1988 0
601 -1982 1989 0
-1983 1989 0
601 -1983 1990 0
-1984 1990 0
601 -1984 1991 0
-1985 1991 0
601 -1985 1992 0
-1986 1992 0
601 -1986 1993 0
-1987 1993 0
601 -1987 0
605 -1994 0
-578 1995 0
-1996 0
-582 1997 0
-1995 1997 0
-582 -1995 1998 0
-1996 1998 0
-582 -1996 0
-586 1999 0
-1997 1999 0
-586 -1997 2000 0
-1998 2000 0
-586 -1998 0
-590 2001 0
-1999 2001 0
-590 -1999 2002 0
-2000 2002 0
-590 -2000 0
-594 2003 0
-2001 2003 0
-594 -2001 2004 0
-2002 2004 0
-594 -2002 0
-598 2005 0
-2003 2005 0
-598 -2003 2006 0
-2004 2006 0
-598 -2004 0
-602 2007 0
-2005 2007 0
-602 -2005 2008 0
-2006 2008 0
-602 -2006 0
-606 -2009 0
578 2010 0
-2011 0
-2012 0
-2013 0
-2014 0
-2015 0
582 2016 0
-2010 2016 0
582 -2010 2017 0
-2011 2017 0
582 -2011 2018 0
-2012 2018 0
582 -2012 2019 0
-2013 2019 0
582 -2013 2020 0
-2014 2020 0
582 -2014 2021 0
-2015 2021 0
582 -2015 0
586 2022 0
-2016 2022 0
586 -2016 2023 0
-2017 2023 0
586 -2017 2024 0
-2018 2024 0
586 -2018 2025 0
-2019 2025 0
586 -2019 2026 0
-2020 2026 0
586 -2020 2027 0
-2021 2027 0
586 -2021 0
590 2028 0
-2022 2028 0
590 -2022 2029 0
-2023 2029 0
590 -2023 2030 0
-2024 2030 0
590 -2024 2031 0
-2025 2031 0
590 -2025 2032 0
-2026 2032 0
590 -2026 2033 0
-2027 2033 0
590 -2027 0
594 2034 0
-2028 2034 0
594 -2028 2035 0
-2029 2035 0
594 -2029 2036 0
-2030 2036 0
594 -2030 2037 0
-2031 2037 0
594 -2031 2038 0
-2032 2038 0
594 -2032 2039 0
-2033 2039 0
594 -2033 0
598 2040 0
-2034 2040 0
598 -2034 2041 0
-2035 2041 0
598 -2035 2042 0
-2036 2042 0
598 -2036 2043 0
-2037 2043 0
598 -2037 2044 0
-2038 2044 0
598 -2038 2045 0
-2039 2045 0
598 -2039 0
602 2046 0
-2040 2046 0
602 -2040 2047 0
-2041 2047 0
602 -2041 2048 0
-2042 2048 0
602 -2042 2049 0
-2043 2049 0
602 -2043 2050 0
-2044 2050 0
602 -2044 2051 0
-2045 2051 0
602 -2045 0
606 -2052 0
-579 2053 0
-2054 0
-583 2055 0
-2053 2055 0
-583 -2053 2056 0
-2054 2056 0
-583 -2054 0
-587 2057 0
-2055 2057 0
-587 -2055 2058 0
-2056 2058 0
-587 -2056 0
-591 2059 0
-2057 2059 0
-591 -2057 2060 0
-2058 2060 0
-591 -2058 0
-595 2061 0
-2059 2061 0
-595 -2059 2062 0
-2060 2062 0
-595 -2060 0
-599 2063 0
-2061 2063 0
-599 -2061 2064 0
-2062 2064 0
-599 -2062 0
-603 2065 0
-2063 2065 0
-603 -2063 2066 0
-2064 2066 0
-603 -2064 0
-607 -2067 0
579 2068 0
-2069 0
-2070 0
-2071 0
-2072 0
-2073 0
583 2074 0
-2068 2074 0
583 -2068 2075 0
-2069 2075 0
583 -2069 2076 0
-2070 2076 0
583 -2070 2077 0
-2071 2077 0
583 -2071 2078 0
-2072 2078 0
583 -2072 2079 0
-2073 2079 0
583 -2073 0
587 2080 0
-2074 2080 0
587 -2074 2081 0
-2075 2081 0
587 -2075 2082 0
-2076 2082 0
587 -2076 2083 0
-2077 2083 0
587 -2077 2084 0
-2078 2084 0
587 -2078 2085 0
-2079 2085 0
587 -2079 0
591 2086 0
-2080 2086 0
591 -2080 2087 0
-2081 2087 0
591 -2081 2088 0
-2082 2088 0
591 -2082 2089 0
-2083 2089 0
591 -2083 2090 0
-2084 2090 0
591 -2084 2091 0
-2085 2091 0
591 -2085 0
595 2092 0
-2086 2092 0
595 -2086 2093 0
-2087 2093 0
595 -2087 2094 0
-2088 2094 0
595 -2088 2095 0
-2089 2095 0
595 -2089 2096 0
-2090 2096 0
595 -2090 2097 0
-2091 2097 0
595 -2091 0
599 2098 0
-2092 2098 0
599 -2092 2099 0
-2093 2099 0
599 -2093 2100 0
-2094 2100 0
599 -2094 2101 0
-2095 2101 0
599 -2095 2102 0
-2096 2102 0
599 -2096 2103 0
-2097 2103 0
599 -2097 0
603 2104 0
-2098 2104 0
603 -2098 2105 0
-2099 2105 0
603 -2099 2106 0
-2100 2106 0
603 -2100 2107 0
-2101 2107 0
603 -2101 2108 0
-2102 2108 0
603 -2102 2109 0
-2103 2109 0
603 -2103 0
607 -2110 0
-580 2111 0
-2112 0
-584 2113 0
-2111 2113 0
-584 -2111 2114 0
-2112 2114 0
-584 -2112 0
-588 2115 0
-2113 2115 0
-588 -2113 2116 0
-2114 2116 0
-588 -2114 0
-592 2117 0
-2115 2117 0
-592 -2115 2118 0
-2116 2118 0
-592 -2116 0
-596 2119 0
-2117 2119 0
-596 -2117 2120 0
-2118 2120 0
-596 -2118 0
-600 2121 0
-2119 2121 0
-600 -2119 2122 0
-2120 2122 0
-600 -2120 0
-604 2123 0
-2121 2123 0
-604 -2121 2124 0
-2122 2124 0
-604 -2122 0
-608 -2125 0
580 2126 0
-2127 0
-2128 0
-2129 0
-2130 0
-2131 0
584 2132 0
-2126 2132 0
584 -2126 2133 0
-2127 2133 0
584 -2127 2134 0
-2128 2134 0
584 -2128 2135 0
-2129 2135 0
584 -2129 2136 0
-2130 2136 0
584 -2130 2137 0
-2131 2137 0
584 -2131 0
588 2138 0
-2132 2138 0
588 -2132 2139 0
-2133 2139 0
588 -2133 2140 0
-2134 2140 0
588 -2134 2141 0
-2135 2141 0
588 -2135 2142 0
-2136 2142 0
588 -2136 2143 0
-2137 2143 0
588 -2137 0
592 2144 0
-2138 2144 0
592 -2138 2145 0
-2139 2145 0
592 -2139 2146 0
-2140 2146 0
592 -2140 2147 0
-2141 2147 0
592 -2141 2148 0
-2142 2148 0
592 -2142 2149 0
-2143 2149 0
592 -2143 0
596 2150 0
-2144 2150 0
596 -2144 2151 0
-2145 2151 0
596 -2145 2152 0
-2146 2152 0
596 -2146 2153 0
-2147 2153 0
596 -2147 2154 0
-2148 2154 0
596 -2148 2155 0
-2149 2155 0
596 -2149 0
600 2156 0
-2150 2156 0
600 -2150 2157 0
-2151 2157 0
600 -2151 2158 0
-2152 2158 0
600 -2152 2159 0
-2153 2159 0
600 -2153 2160 0
-2154 2160 0
600 -2154 2161 0
-2155 2161 0
600 -2155 0
604 2162 0
-2156 2162 0
604 -2156 2163 0
-2157 2163 0
604 -2157 2164 0
-2158 2164 0
604 -2158 2165 0
-2159 2165 0
604 -2159 2166 0
-2160 2166 0
604 -2160 2167 0
-2161 2167 0
604 -2161 0
608 -2168 0
-609 2169 0
-2170 0
-613 2171 0
-2169 2171 0
-613 -2169 2172 0
-2170 2172 0
-613 -2170 0
-617 2173 0
-2171 2173 0
-617 -2171 2174 0
-2172 2174 0
-617 -2172 0
-621 2175 0
-2173 2175 0
-621 -2173 2176 0
-2174 2176 0
-621 -2174 0
-625 2177 0
-2175 2177 0
-625 -2175 2178 0
-2176 2178 0
-625 -2176 0
-629 2179 0
-2177 2179 0
-629 -2177 2180 0
-2178 2180 0
-629 -2178 0
-633 2181 0
-2179 2181 0
-633 -2179 2182 0
-2180 2182 0
-633 -2180 0
-637 -2183 0
609 2184 0
-2185 0
-2186 0
-2187 0
-2188 0
-2189 0
613 2190 0
-2184 2190 0
613 -2184 2191 0
-2185 2191 0
613 -2185 2192 0
-2186 2192 0
613 -2186 2193 0
-2187 2193 0
613 -2187 2194 0
-2188 2194 0
613 -2188 2195 0
-2189 2195 0
613 -2189 0
617 2196 0
-2190 2196 0
617 -2190 2197 0
-2191 2197 0
617 -2191 2198 0
-2192 2198 0
617 -2192 2199 0
-2193 2199 0
617 -2193 2200 0
-2194 2200 0
617 -2194 2201 0
-2195 2201 0
617 -2195 0
621 2202 0
-2196 2202 0
621 -2196 2203 0
-2197 2203 0
621 -2197 2204 0
-2198 2204 0
621 -2198 2205 0
-2199 2205 0
621 -2199 2206 0
-2200 2206 0
621 -2200 2207 0
-2201 2207 0
621 -2201 0
625 2208 0
-2202 2208 0
625 -2202 2209 0
-2203 2209 0
625 -2203 2210 0
-2204 2210 0
625 -2204 2211 0
-2205 2211 0
625 -2205 2212 0
-2206 2212 0
625 -2206 2213 0
-2207 2213 0
625 -2207 0
629 2214 0
-2208 2214 0
629 -2208 2215 0
-2209 2215 0
629 -2209 2216 0
-2210 2216 0
629 -2210 2217 0
-2211 2217 0
629 -2211 2218 0
-2212 2218 0
629 -2212 2219 0
-2213 2219 0
629 -2213 0
633 2220 0
-2214 2220 0
633 -2214 2221 0
-2215 2221 0
633 -2215 2222 0
-2216 2222 0
633 -2216 2223 0
-2217 2223 0
633 -2217 2224 0
-2218 2224 0
633 -2218 2225 0
-2219 2225 0
633 -2219 0
637 -2226 0
-610 2227 0
-2228 0
-614 2229 0
-2227 2229 0
-614 -2227 2230 0
-2228 2230 0
-614 -2228 0
-618 2231 0
-2229 2231 0
-618 -2229 2232 0
-2230 2232 0
-618 -2230 0
-622 2233 0
-2231 2233 0
-622 -2231 2234 0
-2232 2234 0
-622 -2232 0
-626 2235 0
-2233 2235 0
-626 -2233 2236 0
-2234 2236 0
-626 -2234 0
-630 2237 0
-2235 2237 0
-630 -2235 2238 0
-2236 2238 0
-630 -2236 0
-634 2239 0
-2237 2239 0
-634 -2237 2240 0
-2238 2240 0
-634 -2238 0
-638 -2241 0
610 2242 0
-2243 0
-2244 0
-2245 0
-2246 0
-2247 0
614 2248 0
-2242 2248 0
614 -2242 2249 0
-2243 2249 0
614 -2243 2250 0
-2244 2250 0
614 -2244 2251 0
-2245 2251 0
614 -2245 2252 0
-2246 2252 0
614 -2246 2253 0
-2247 2253 0
614 -2247 0
618 2254 0
-2248 2254 0
618 -2248 2255 0
-2249 2255 0
618 -2249 2256 0
-2250 2256 0
618 -2250 2257 0
-2251 2257 0
618 -2251 2258 0
-2252 2258 0
618 -2252 2259 0
-2253 2259 0
618 -2253 0
622 2260 0
-2254 2260 0
622 -2254 2261 0
-2255 2261 0
622 -2255 2262 0
-2256 2262 0
622 -2256 2263 0
-2257 2263 0
622 -2257 2264 0
-2258 2264 0
622 -2258 2265 0
-2259 2265 0
622 -2259 0
626 2266 0
-2260 2266 0
626 -2260 2267 0
-2261 2267 0
626 -2261 2268 0
-2262 2268 0
626 -2262 2269 0
-2263 2269 0
626 -2263 2270 0
-2264 2270 0
626 -2264 2271 0
-2265 2271 0
626 -2265 0
630 2272 0
-2266 2272 0
630 -2266 2273 0
-2267 2273 0
630 -2267 2274 0
-2268 2274 0
630 -2268 2275 0
-2269 2275 0
630 -2269 2276 0
-2270 2276 0
630 -2270 2277 0
-2271 2277 0
630 -2271 0
634 2278 0
-2272 2278 0
634 -2272 2279 0
-2273 2279 0
634 -2273 2280 0
-2274 2280 0
634 -2274 2281 0
-2275 2281 0
634 -2275 2282 0
-2276 2282 0
634 -2276 2283 0
-2277 2283 0
634 -2277 0
638 -2284 0
-611 2285 0
-2286 0
-615 2287 0
-2285 2287 0
-615 -2285 2288 0
-2286 2288 0
-615 -2286 0
-619 2289 0
-2287 2289 0
-619 -2287 2290 0
-2288 2290 0
-619 -2288 0
-623 2291 0
-2289 2291 0
-623 -2289 2292 0
-2290 2292 0
-623 -2290 0
-627 2293 0
-2291 2293 0
-627 -2291 2294 0
-2292 2294 0
-627 -2292 0
-631 2295 0
-2293 2295 0
-631 -2293 2296 0
-2294 2296 0
-631 -2294 0
-635 2297 0
-2295 2297 0
-635 -2295 2298 0
-2296 2298 0
-635 -2296 0
-639 -2299 0
611 2300 0
-2301 0
-2302 0
-2303 0
-2304 0
-2305 0
615 2306 0
-2300 2306 0
615 -2300 2307 0
-2301 2307 0
615 -2301 2308 0
-2302 2308 0
615 -2302 2309 0
-2303 2309 0
615 -2303 2310 0
-2304 2310 0
615 -2304 2311 0
-2305 2311 0
615 -2305 0
619 2312 0
-2306 2312 0
619 -2306 2313 0
-2307 2313 0
619 -2307 2314 0
-2308 2314 0
619 -2308 2315 0
-2309 2315 0
619 -2309 2316 0
-2310 2316 0
619 -2310 2317 0
-2311 2317 0
619 -2311 0
623 2318 0
-2312 2318 0
623 -2312 2319 0
-2313 2319 0
623 -2313 2320 0
-2314 2320 0
623 -2314 2321 0
-2315 2321 0
623 -2315 2322 0
-2316 2322 0
623 -2316 2323 0
-2317 2323 0
623 -2317 0
627 2324 0
-2318 2324 0
627 -2318 2325 0
-2319 2325 0
627 -2319 2326 0
-2320 2326 0
627 -2320 2327 0
-2321 2327 0
627 -2321 2328 0
-2322 2328 0
627 -2322 2329 0
-2323 2329 0
627 -2323 0
631 2330 0
-2324 2330 0
631 -2324 2331 0
-2325 2331 0
631 -2325 2332 0
-2326 2332 0
631 -2326 2333 0
-2327 2333 0
631 -2327 2334 0
-2328 2334 0
631 -2328 2335 0
-2329 2335 0
631 -2329 0
635 2336 0
-2330 2336 0
635 -2330 2337 0
-2331 2337 0
635 -2331 2338 0
-2332 2338 0
635 -2332 2339 0
-2333 2339 0
635 -2333 2340 0
-2334 2340 0
635 -2334 2341 0
-2335 2341 0
635 -2335 0
639 -2342 0
-612 2343 0
-2344 0
-616 2345 0
-2343 2345 0
-616 -2343 2346 0
-2344 2346 0
-616 -2344 0
-620 2347 0
-2345 2347 0
-620 -2345 2348 0
-2346 2348 0
-620 -2346 0
-624 2349 0
-2347 2349 0
-624 -2347 2350 0
-2348 2350 0
-624 -2348 0
-628 2351 0
-2349 2351 0
-628 -2349 2352 0
-2350 2352 0
-628 -2350 0
-632 2353 0
-2351 2353 0
-632 -2351 2354 0
-2352 2354 0
-632 -2352 0
-636 2355 0
-2353 2355 0
-636 -2353 2356 0
-2354 2356 0
-636 -2354 0
-640 -2357 0
612 2358 0
-2359 0
-2360 0
-2361 0
-2362 0
-2363 0
616 2364 0
-2358 2364 0
616 -2358 2365 0
-2359 2365 0
616 -2359 2366 0
-2360 2366 0
616 -2360 2367 0
-2361 2367 0
616 -2361 2368 0
-2362 2368 0
616 -2362 2369 0
-2363 2369 0
616 -2363 0
620 2370 0
-2364 2370 0
620 -2364 2371 0
-2365 2371 0
620 -2365 2372 0
-2366 2372 0
620 -2366 2373 0
-2367 2373 0
620 -2367 2374 0
-2368 2374 0
620 -2368 2375 0
-2369 2375 0
620 -2369 0
624 2376 0
-2370 2376 0
624 -2370 2377 0
-2371 2377 0
624 -2371 2378 0
-2372 2378 0
624 -2372 2379 0
-2373 2379 0
624 -2373 2380 0
-2374 2380 0
624 -2374 2381 0
-2375 2381 0
624 -2375 0
628 2382 0
-2376 2382 0
628 -2376 2383 0
-2377 2383 0
628 -2377 2384 0
-2378 2384 0
628 -2378 2385 0
-2379 2385 0
628 -2379 2386 0
-2380 2386 0
628 -2380 2387 0
-2381 2387 0
628 -2381 0
632 2388 0
-2382 2388 0
632 -2382 2389 0
-2383 2389 0
632 -2383 2390 0
-2384 2390 0
632 -2384 2391 0
-2385 2391 0
632 -2385 2392 0
-2386 2392 0
632 -2386 2393 0
-2387 2393 0
632 -2387 0
636 2394 0
-2388 2394 0
636 -2388 2395 0
-2389 2395 0
636 -2389 2396 0
-2390 2396 0
636 -2390 2397 0
-2391 2397 0
636 -2391 2398 0
-2392 2398 0
636 -2392 2399 0
-2393 2399 0
636 -2393 0
640 -2400 0
-641 2401 0
-2402 0
-645 2403 0
-2401 2403 0
-645 -2401 2404 0
-2402 2404 0
-645 -2402 0
-649 2405 0
-2403 2405 0
-649 -2403 2406 0
-2404 2406 0
-649 -2404 0
-653 2407 0
-2405 2407 0
-653 -2405 2408 0
-2406 2408 0
-653 -2406 0
-657 2409 0
-2407 2409 0
-657 -2407 2410 0
-2408 2410 0
-657 -2408 0
-661 2411 0
-2409 2411 0
-661 -2409 2412 0
-2410 2412 0
-661 -2410 0
-665 2413 0
-2411 2413 0
-665 -2411 2414 0
-2412 2414 0
-665 -2412 0
-669 -2415 0
641 2416 0
-2417 0
-2418 0
-2419 0
-2420 0
-2421 0
645 2422 0
-2416 2422 0
645 -2416 2423 0
-2417 2423 0
645 -2417 2424 0
-2418 2424 0
645 -2418 2425 0
-2419 2425 0
645 -2419 2426 0
-2420 2426 0
645 -2420 2427 0
-2421 2427 0
645 -2421 0
649 2428 0
-2422 2428 0
649 -2422 2429 0
-2423 2429 0
649 -2423 2430 0
-2424 2430 0
649 -2424 2431 0
-2425 2431 0
649 -2425 2432 0
-2426 2432 0
649 -2426 2433 0
-2427 2433 0
649 -2427 0
653 2434 0
-2428 2434 0
653 -2428 2435 0
-2429 2435 0
653 -2429 2436 0
-2430 2436 0
653 -2430 2437 0
-2431 2437 0
653 -2431 2438 0
-2432 2438 0
653 -2432 2439 0
-2433 2439 0
653 -2433 0
657 2440 0
-2434 2440 0
657 -2434 2441 0
-2435 2441 0
657 -2435 2442 0
-2436 2442 0
657 -2436 2443 0
-2437 2443 0
657 -2437 2444 0
-2438 2444 0
657 -2438 2445 0
-2439 2445 0
657 -2439 0
661 2446 0
-2440 2446 0
661 -2440 2447 0
-2441 2447 0
661 -2441 2448 0
-2442 2448 0
661 -2442 2449 0
-2443 2449 0
661 -2443 2450 0
-2444 2450 0
661 -2444 2451 0
-2445 2451 0
661 -2445 0
665 2452 0
-2446 2452 0
665 -2446 2453 0
-2447 2453 0
665 -2447 2454 0
-2448 2454 0
665 -2448 2455 0
-2449 2455 0
665 -2449 2456 0
-2450 2456 0
665 -2450 2457 0
-2451 2457 0
665 -2451 0
669 -2458 0
-642 2459 0
-2460 0
-646 2461 0
-2459 2461 0
-646 -2459 2462 0
-2460 2462 0
-646 -2460 0
-650 2463 0
-2461 2463 0
-650 -2461 2464 0
-2462 2464 0
-650 -2462 0
-654 2465 0
-2463 2465 0
-654 -2463 2466 0
-2464 2466 0
-654 -2464 0
-658 2467 0
-2465 2467 0
-658 -2465 2468 0
-2466 2468 0
-658 -2466 0
-662 2469 0
-2467 2469 0
-662 -2467 2470 0
-2468 2470 0
-662 -2468 0
-666 2471 0
-2469 2471 0
-666 -2469 2472 0
-2470 2472 0
-666 -2470 0
-670 -2473 0
642 2474 0
-2475 0
-2476 0
-2477 0
-2478 0
-2479 0
646 2480 0
-2474 2480 0
646 -2474 2481 0
-2475 2481 0
646 -2475 2482 0
-2476 2482 0
646 -2476 2483 0
-2477 2483 0
646 -2477 2484 0
-2478 2484 0
646 -2478 2485 0
-2479 2485 0
646 -2479 0
650 2486 0
-2480 2486 0
650 -2480 2487 0
-2481 2487 0
650 -2481 2488 0
-2482 2488 0
650 -2482 2489 0
-2483 2489 0
650 -2483 2490 0
-2484 2490 0
650 -2484 2491 0
-2485 2491 0
650 -2485 0
654 2492 0
-2486 2492 0
654 -2486 2493 0
-2487 2493 0
654 -2487 2494 0
-2488 2494 0
654 -2488 2495 0
-2489 2495 0
654 -2489 2496 0
-2490 2496 0
654 -2490 2497 0
-2491 2497 0
654 -2491 0
658 2498 0
-2492 2498 0
658 -2492 2499 0
-2493 2499 0
658 -2493 2500 0
-2494 2500 0
658 -2494 2501 0
-2495 2501 0
658 -2495 2502 0
-2496 2502 0
658 -2496 2503 0
-2497 2503 0
658 -2497 0
662 2504 0
-2498 2504 0
662 -2498 2505 0
-2499 2505 0
662 -2499 2506 0
-2500 2506 0
662 -2500 2507 0
-2501 2507 0
662 -2501 2508 0
-2502 2508 0
662 -2502 2509 0
-2503 2509 0
662 -2503 0
666 2510 0
-2504 2510 0
666 -2504 2511 0
-2505 2511 0
666 -2505 2512 0
-2506 2512 0
666 -2506 2513 0
-2507 2513 0
666 -2507 2514 0
-2508 2514 0
666 -2508 2515 0
-2509 2515 0
666 -2509 0
670 -2516 0
-643 2517 0
-2518 0
-647 2519 0
-2517 2519 0
-647 -2517 2520 0
-2518 2520 0
-647 -2518 0
-651 2521 0
-2519 2521 0
-651 -2519 2522 0
-2520 2522 0
-651 -2520 0
-655 2523 0
-2521 2523 0
-655 -2521 2524 0
-2522 2524 0
-655 -2522 0
-659 2525 0
-2523 2525 0
-659 -2523 2526 0
-2524 2526 0
-659 -2524 0
-663 2527 0
-2525 2527 0
-663 -2525 2528 0
-2526 2528 0
-663 -2526 0
-667 2529 0
-2527 2529 0
-667 -2527 2530 0
-2528 2530 0
-667 -2528 0
-671 -2531 0
643 2532 0
-2533 0
-2534 0
-2535 0
-2536 0
-2537 0
647 2538 0
-2532 2538 0
647 -2532 2539 0
-2533 2539 0
647 -2533 2540 0
-2534 2540 0
647 -2534 2541 0
-2535 2541 0
647 -2535 2542 0
-2536 2542 0
647 -2536 2543 0
-2537 2543 0
647 -2537 0
651 2544 0
-2538 2544 0
651 -2538 2545 0
-2539 2545 0
651 -2539 2546 0
-2540 2546 0
651 -2540 2547 0
-2541 2547 0
651 -2541 2548 0
-2542 2548 0
651 -2542 2549 0
-2543 2549 0
651 -2543 0
655 2550 0
-2544 2550 0
655 -2544 2551 0
-2545 2551 0
655 -2545 2552 0
-2546 2552 0
655 -2546 2553 0
-2547 2553 0
655 -2547 2554 0
-2548 2554 0
655 -2548 2555 0
-2549 2555 0
655 -2549 0
659 2556 0
-2550 2556 0
659 -2550 2557 0
-2551 2557 0
659 -2551 2558 0
-2552 2558 0
659 -2552 2559 0
-2553 2559 0
659 -2553 2560 0
-2554 2560 0
659 -2554 2561 0
-2555 2561 0
659 -2555 0
663 2562 0
-2556 2562 0
663 -2556 2563 0
-2557 2563 0
663 -2557 2564 0
-2558 2564 0
663 -2558 2565 0
-2559 2565 0
663 -2559 2566 0
-2560 2566 0
663 -2560 2567 0
-2561 2567 0
663 -2561 0
667 2568 0
-2562 2568 0
667 -2562 2569 0
-2563 2569 0
667 -2563 2570 0
-2564 2570 0
667 -2564 2571 0
-2565 2571 0
667 -2565 2572 0
-2566 2572 0
667 -2566 2573 0
-2567 2573 0
667 -2567 0
671 -2574 0
-644 2575 0
-2576 0
-648 2577 0
-2575 2577 0
-648 -2575 2578 0
-2576 2578 0
-648 -2576 0
-652 2579 0
-2577 2579 0
-652 -2577 2580 0
-2578 2580 0
-652 -2578 0
-656 2581 0
-2579 2581 0
-656 -2579 2582 0
-2580 2582 0
-656 -2580 0
-660 2583 0
-2581 2583 0
-660 -2581 2584 0
-2582 2584 0
-660 -2582 0
-664 2585 0
-2583 2585 0
-664 -2583 2586 0
-2584 2586 0
-664 -2584 0
-668 2587 0
-2585 2587 0
-668 -2585 2588 0
-2586 2588 0
-668 -2586 0
-672 -2589 0
644 2590 0
-2591 0
-2592 0
-2593 0
-2594 0
-2595 0
648 2596 0
-2590 2596 0
648 -2590 2597 0
-2591 2597 0
648 -2591 2598 0
-2592 2598 0
648 -2592 2599 0
-2593 2599 0
648 -2593 2600 0
-2594 2600 0
648 -2594 2601 0
-2595 2601 0
648 -2595 0
652 2602 0
-2596 2602 0
652 -2596 2603 0
-2597 2603 0
652 -2597 2604 0
-2598 2604 0
652 -2598 2605 0
-2599 2605 0
652 -2599 2606 0
-2600 2606 0
652 -2600 2607 0
-2601 2607 0
652 -2601 0
656 2608 0
-2602 2608 0
656 -2602 2609 0
-2603 2609 0
656 -2603 2610 0
-2604 2610 0
656 -2604 2611 0
-2605 2611 0
656 -2605 2612 0
-2606 2612 0
656 -2606 2613 0
-2607 2613 0
656 -2607 0
660 2614 0
-2608 2614 0
660 -2608 2615 0
-2609 2615 0
660 -2609 2616 0
-2610 2616 0
660 -2610 2617 0
-2611 2617 0
660 -2611 2618 0
-2612 2618 0
660 -2612 2619 0
-2613 2619 0
660 -2613 0
664 2620 0
-2614 2620 0
664 -2614 2621 0
-2615 2621 0
664 -2615 2622 0
-2616 2622 0
664 -2616 2623 0
-2617 2623 0
664 -2617 2624 0
-2618 2624 0
664 -2618 2625 0
-2619 2625 0
664 -2619 0
668 2626 0
-2620 2626 0
668 -2620 2627 0
-2621 2627 0
668 -2621 2628 0
-2622 2628 0
668 -2622 2629 0
-2623 2629 0
668 -2623 2630 0
-2624 2630 0
668 -2624 2631 0
-2625 2631 0
668 -2625 0
672 -2632 0
-449 -453 2 0
-449 -453 9 0
-449 -457 3 0
-449 -457 17 0
-449 -461 4 0
-449 -461 25 0
-449 -465 5 0
-449 -465 33 0
-449 -469 6 0
-449 -469 41 0
-449 -473 7 0
-449 -473 49 0
-449 -477 8 0
-449 -477 57 0
-453 -449 9 0
-453 -449 2 0
-453 -457 11 0
-453 -457 18 0
-453 -461 12 0
-453 -461 26 0
-453 -465 13 0
-453 -465 34 0
-453 -469 14 0
-453 -469 42 0
-453 -473 15 0
-453 -473 50 0
-453 -477 16 0
-453 -477 58 0
-457 -449 17 0
-457 -449 3 0
-457 -453 18 0
-457 -453 11 0
-457 -461 20 0
-457 -461 27 0
-457 -465 21 0
-457 -465 35 0
-457 -469 22 0
-457 -469 43 0
-457 -473 23 0
-457 -473 51 0
-457 -477 24 0
-457 -477 59 0
-461 -449 25 0
-461 -449 4 0
-461 -453 26 0
-461 -453 12 0
-461 -457 27 0
-461 -457 20 0
-461 -465 29 0
-461 -465 36 0
-461 -469 30 0
-461 -469 44 0
-461 -473 31 0
-461 -473 52 0
-461 -477 32 0
-461 -477 60 0
-465 -449 33 0
-465 -449 5 0
-465 -453 34 0
-465 -453 13 0
-465 -457 35 0
-465 -457 21 0
-465 -461 36 0
-465 -461 29 0
-465 -469 38 0
-465 -469 45 0
-465 -473 39 0
-465 -473 53 0
-465 -477 40 0
-465 -477 61 0
-469 -449 41 0
-469 -449 6 0
-469 -453 42 0
-469 -453 14 0
-469 -457 43 0
-469 -457 22 0
-469 -461 44 0
-469 -461 30 0
-469 -465 45 0
-469 -465 38 0
-469 -473 47 0
-469 -473 54 0
-469 -477 48 0
-469 -477 62 0
-473 -449 49 0
-473 -449 7 0
-473 -453 50 0
-473 -453 15 0
-473 -457 51 0
-473 -457 23 0
-473 -461 52 0
-473 -461 31 0
-473 -465 53 0
-473 -465 39 0
-473 -469 54 0
-473 -469 47 0
-473 -477 56 0
-473 -477 63 0
-477 -449 57 0
-477 -449 8 0
-477 -453 58 0
-477 -453 16 0
-477 -457 59 0
-477 -457 24 0
-477 -461 60 0
-477 -461 32 0
-477 -465 61 0
-477 -465 40 0
-477 -469 62 0
-477 -469 48 0
-477 -473 63 0
-477 -473 56 0
-450 -454 2 0
-450 -454 9 0
-450 -458 3 0
-450 -458 17 0
-450 -462 4 0
-450 -462 25 0
-450 -466 5 0
-450 -466 33 0
-450 -470 6 0
-450 -470 41 0
-450 -474 7 0
-450 -474 49 0
-450 -478 8 0
-450 -478 57 0
-454 -450 9 0
-454 -450 2 0
-454 -458 11 0
-454 -458 18 0
-454 -462 12 0
-454 -462 26 0
-454 -466 13 0
-454 -466 34 0
-454 -470 14 0
-454 -470 42 0
-454 -474 15 0
-454 -474 50 0
-454 -478 16 0
-454 -478 58 0
-458 -450 17 0
-458 -450 3 0
-458 -454 18 0
-458 -454 11 0
-458 -462 20 0
-458 -462 27 0
-458 -466 21 0
-458 -466 35 0
-458 -470 22 0
-458 -470 43 0
-458 -474 23 0
-458 -474 51 0
-458 -478 24 0
-458 -478 59 0
-462 -450 25 0
-462 -450 4 0
-462 -454 26 0
-462 -454 12 0
-462 -458 27 0
-462 -458 20 0
-462 -466 29 0
-462 -466 36 0
-462 -470 30 0
-462 -470 44 0
-462 -474 31 0
-462 -474 52 0
-462 -478 32 0
-462 -478 60 0
-466 -450 33 0
-466 -450 5 0
-466 -454 34 0
-466 -454 13 0
-466 -458 35 0
-466 -458 21 0
-466 -462 36 0
-466 -462 29 0
-466 -470 38 0
-466 -470 45 0
-466 -474 39 0
-466 -474 53 0
-466 -478 40 0
-466 -478 61 0
-470 -450 41 0
-470 -450 6 0
-470 -454 42 0
-470 -454 14 0
-470 -458 43 0
-470 -458 22 0
-470 -462 44 0
-470 -462 30 0
-470 -466 45 0
-470 -466 38 0
-470 -474 47 0
-470 -474 54 0
-470 -478 48 0
-470 -478 62 0
-474 -450 49 0
-474 -450 7 0
-474 -454 50 0
-474 -454 15 0
-474 -458 51 0
-474 -458 23 0
-474 -462 52 0
-474 -462 31 0
-474 -466 53 0
-474 -466 39 0
-474 -470 54 0
-474 -470 47 0
-474 -478 56 0
-474 -478 63 0
-478 -450 57 0
-478 -450 8 0
-478 -454 58 0
-478 -454 16 0
-478 -458 59 0
-478 -458 24 0
-478 -462 60 0
-478 -462 32 0
-478 -466 61 0
-478 -466 40 0
-478 -470 62 0
-478 -470 48 0
-478 -474 63 0
-478 -474 56 0
-451 -455 2 0
-451 -455 9 0
-451 -459 3 0
-451 -459 17 0
-451 -463 4 0
-451 -463 25 0
-451 -467 5 0
-451 -467 33 0
-451 -471 6 0
-451 -471 41 0
-451 -475 7 0
-451 -475 49 0
-451 -479 8 0
-451 -479 57 0
-455 -451 9 0
-455 -451 2 0
-455 -459 11 0
-455 -459 18 0
-455 -463 12 0
-455 -463 26 0
-455 -467 13 0
-455 -467 34 0
-455 -471 14 0
-455 -471 42 0
-455 -475 15 0
-455 -475 50 0
-455 -479 16 0
-455 -479 58 0
-459 -451 17 0
-459 -451 3 0
-459 -455 18 0
-459 -455 11 0
-459 -463 20 0
-459 -463 27 0
-459 -467 21 0
-459 -467 35 0
-459 -471 22 0
-459 -471 43 0
-459 -475 23 0
-459 -475 51 0
-459 -479 24 0
-459 -479 59 0
-463 -451 25 0
-463 -451 4 0
-463 -455 26 0
-463 -455 12 0
-463 -459 27 0
-463 -459 20 0
-463 -467 29 0
-463 -467 36 0
-463 -471 30 0
-463 -471 44 0
-463 -475 31 0
-463 -475 52 0
-463 -479 32 0
-463 -479 60 0
-467 -451 33 0
-467 -451 5 0
-467 -455 34 0
-467 -455 13 0
-467 -459 35 0
-467 -459 21 0
-467 -463 36 0
-467 -463 29 0
-467 -471 38 0
-467 -471 45 0
-467 -475 39 0
-467 -475 53 0
-467 -479 40 0
-467 -479 61 0
-471 -451 41 0
-471 -451 6 0
-471 -455 42 0
-471 -455 14 0
-471 -459 43 0
-471 -459 22 0
-471 -463 44 0
-471 -463 30 0
-471 -467 45 0
-471 -467 38 0
-471 -475 47 0
-471 -475 54 0
-471 -479 48 0
-471 -479 62 0
-475 -451 49 0
-475 -451 7 0
-475 -455 50 0
-475 -455 15 0
-475 -459 51 0
-475 -459 23 0
-475 -463 52 0
-475 -463 31 0
-475 -467 53 0
-475 -467 39 0
-475 -471 54 0
-475 -471 47 0
-475 -479 56 0
-475 -479 63 0
-479 -451 57 0
-479 -451 8 0
-479 -455 58 0
-479 -455 16 0
-479 -459 59 0
-479 -459 24 0
-479 -463 60 0
-479 -463 32 0
-479 -467 61 0
-479 -467 40 0
-479 -471 62 0
-479 -471 48 0
-479 -475 63 0
-479 -475 56 0
-452 -456 2 0
-452 -456 9 0
-452 -460 3 0
-452 -460 17 0
-452 -464 4 0
-452 -464 25 0
-452 -468 5 0
-452 -468 33 0
-452 -472 6 0
-452 -472 41 0
-452 -476 7 0
-452 -476 49 0
-452 -480 8 0
-452 -480 57 0
-456 -452 9 0
-456 -452 2 0
-456 -460 11 0
-456 -460 18 0
-456 -464 12 0
-456 -464 26 0
-456 -468 13 0
-456 -468 34 0
-456 -472 14 0
-456 -472 42 0
-456 -476 15 0
-456 -476 50 0
-456 -480 16 0
-456 -480 58 0
-460 -452 17 0
-460 -452 3 0
-460 -456 18 0
-460 -456 11 0
-460 -464 20 0
-460 -464 27 0
-460 -468 21 0
-460 -468 35 0
-460 -472 22 0
-460 -472 43 0
-460 -476 23 0
-460 -476 51 0
-460 -480 24 0
-460 -480 59 0
-464 -452 25 0
-464 -452 4 0
-464 -456 26 0
-464 -456 12 0
-464 -460 27 0
-464 -460 20 0
-464 -468 29 0
-464 -468 36 0
-464 -472 30 0
-464 -472 44 0
-464 -476 31 0
-464 -476 52 0
-464 -480 32 0
-464 -480 60 0
-468 -452 33 0
-468 -452 5 0
-468 -456 34 0
-468 -456 13 0
-468 -460 35 0
-468 -460 21 0
-468 -464 36 0
-468 -464 29 0
-468 -472 38 0
-468 -472 45 0
-468 -476 39 0
-468 -476 53 0
-468 -480 40 0
-468 -480 61 0
-472 -452 41 0
-472 -452 6 0
-472 -456 42 0
-472 -456 14 0
-472 -460 43 0
-472 -460 22 0
-472 -464 44 0
-472 -464 30 0
-472 -468 45 0
-472 -468 38 0
-472 -476 47 0
-472 -476 54 0
-472 -480 48 0
-472 -480 62 0
-476 -452 49 0
-476 -452 7 0
-476 -456 50 0
-476 -456 15 0
-476 -460 51 0
-476 -460 23 0
-476 -464 52 0
-476 -464 31 0
-476 -468 53 0
-476 -468 39 0
-476 -472 54 0
-476 -472 47 0
-476 -480 56 0
-476 -480 63 0
-480 -452 57 0
-480 -452 8 0
-480 -456 58 0
-480 -456 16 0
-480 -460 59 0
-480 -460 24 0
-480 -464 60 0
-480 -464 32 0
-480 -468 61 0
-480 -468 40 0
-480 -472 62 0
-480 -472 48 0
-480 -476 63 0
-480 -476 56 0
-481 -485 66 0
-481 -485 73 0
-481 -489 67 0
-481 -489 81 0
-481 -493 68 0
-481 -493 89 0
-481 -497 69 0
-481 -497 97 0
-481 -501 70 0
-481 -501 105 0
-481 -505 71 0
-481 -505 113 0
-481 -509 72 0
-481 -509 121 0
-485 -481 73 0
-485 -481 66 0
-485 -489 75 0
-485 -489 82 0
-485 -493 76 0
-485 -493 90 0
-485 -497 77 0
-485 -497 98 0
-485 -501 78 0
-485 -501 106 0
-485 -505 79 0
-485 -505 114 0
-485 -509 80 0
-485 -509 122 0
-489 -481 81 0
-489 -481 67 0
-489 -485 82 0
-489 -485 75 0
-489 -493 84 0
-489 -493 91 0
-489 -497 85 0
-489 -497 99 0
-489 -501 86 0
-489 -501 107 0
-489 -505 87 0
-489 -505 115 0
-489 -509 88 0
-489 -509 123 0
-493 -481 89 0
-493 -481 68 0
-493 -485 90 0
-493 -485 76 0
-493 -489 91 0
-493 -489 84 0
-493 -497 93 0
-493 -497 100 0
-493 -501 94 0
-493 -501 108 0
-493 -505 95 0
-493 -505 116 0
-493 -509 96 0
-493 -509 124 0
-497 -481 97 0
-497 -481 69 0
-497 -485 98 0
-497 -485 77 0
-497 -489 99 0
-497 -489 85 0
-497 -493 100 0
-497 -493 93 0
-497 -501 102 0
-497 -501 109 0
-497 -505 103 0
-497 -505 117 0
-497 -509 104 0
-497 -509 125 0
-501 -481 105 0
-501 -481 70 0
-501 -485 106 0
-501 -485 78 0
-501 -489 107 0
-501 -489 86 0
-501 -493 108 0
-501 -493 94 0
-501 -497 109 0
-501 -497 102 0
-501 -505 111 0
-501 -505 118 0
-501 -509 112 0
-501 -509 126 0
-505 -481 113 0
-505 -481 71 0
-505 -485 114 0
-505 -485 79 0
-505 -489 115 0
-505 -489 87 0
-505 -493 116 0
-505 -493 95 0
-505 -497 117 0
-505 -497 103 0
-505 -501 118 0
-505 -501 111 0
-505 -509 120 0
-505 -509 127 0
-509 -481 121 0
-509 -481 72 0
-509 -485 122 0
-509 -485 80 0
-509 -489 123 0
-509 -489 88 0
-509 -493 124 0
-509 -493 96 0
-509 -497 125 0
-509 -497 104 0
-509 -501 126 0
-509 -501 112 0
-509 -505 127 0
-509 -505 120 0
-482 -486 66 0
-482 -486 73 0
-482 -490 67 0
-482 -490 81 0
-482 -494 68 0
-482 -494 89 0
-482 -498 69 0
-482 -498 97 0
-482 -502 70 0
-482 -502 105 0
-482 -506 71 0
-482 -506 113 0
-482 -510 72 0
-482 -510 121 0
-486 -482 73 0
-486 -482 66 0
-486 -490 75 0
-486 -490 82 0
-486 -494 76 0
-486 -494 90 0
-486 -498 77 0
-486 -498 98 0
-486 -502 78 0
-486 -502 106 0
-486 -506 79 0
-486 -506 114 0
-486 -510 80 0
-486 -510 122 0
-490 -482 81 0
-490 -482 67 0
-490 -486 82 0
-490 -486 75 0
-490 -494 84 0
-490 -494 91 0
-490 -498 85 0
-490 -498 99 0
-490 -502 86 0
-490 -502 107 0
-490 -506 87 0
-490 -506 115 0
-490 -510 88 0
-490 -510 123 0
-494 -482 89 0
-494 -482 68 0
-494 -486 90 0
-494 -486 76 0
-494 -490 91 0
-494 -490 84 0
-494 -498 93 0
-494 -498 100 0
-494 -502 94 0
-494 -502 108 0
-494 -506 95 0
-494 -506 116 0
-494 -510 96 0
-494 -510 124 0
-498 -482 97 0
-498 -482 69 0
-498 -486 98 0
-498 -486 77 0
-498 -490 99 0
-498 -490 85 0
-498 -494 100 0
-498 -494 93 0
-498 -502 102 0
-498 -502 109 0
-498 -506 103 0
-498 -506 117 0
-498 -510 104 0
-498 -510 125 0
-502 -482 105 0
-502 -482 70 0
-502 -486 106 0
-502 -486 78 0
-502 -490 107 0
-502 -490 86 0
-502 -494 108 0
-502 -494 94 0
-502 -498 109 0
-502 -498 102 0
-502 -506 111 0
-502 -506 118 0
-502 -510 112 0
-502 -510 126 0
-506 -482 113 0
-506 -482 71 0
-506 -486 114 0
-506 -486 79 0
-506 -490 115 0
-506 -490 87 0
-506 -494 116 0
-506 -494 95 0
-506 -498 117 0
-506 -498 103 0
-506 -502 118 0
-506 -502 111 0
-506 -510 120 0
-506 -510 127 0
-510 -482 121 0
-510 -482 72 0
-510 -486 122 0
-510 -486 80 0
-510 -490 123 0
-510 -490 88 0
-510 -494 124 0
-510 -494 96 0
-510 -498 125 0
-510 -498 104 0
-510 -502 126 0
-510 -502 112 0
-510 -506 127 0
-510 -506 120 0
-483 -487 66 0
-483 -487 73 0
-483 -491 67 0
-483 -491 81 0
-483 -495 68 0
-483 -495 89 0
-483 -499 69 0
-483 -499 97 0
-483 -503 70 0
-483 -503 105 0
-483 -507 71 0
-483 -507 113 0
-483 -511 72 0
-483 -511 121 0
-487 -483 73 0
-487 -483 66 0
-487 -491 75 0
-487 -491 82 0
-487 -495 76 0
-487 -495 90 0
-487 -499 77 0
-487 -499 98 0
-487 -503 78 0
-487 -503 106 0
-487 -507 79 0
-487 -507 114 0
-487 -511 80 0
-487 -511 122 0
-491 -483 81 0
-491 -483 67 0
-491 -487 82 0
-491 -487 75 0
-491 -495 84 0
-491 -495 91 0
-491 -499 85 0
-491 -499 99 0
-491 -503 86 0
-491 -503 107 0
-491 -507 87 0
-491 -507 115 0
-491 -511 88 0
-491 -511 123 0
-495 -483 89 0
-495 -483 68 0
-495 -487 90 0
-495 -487 76 0
-495 -491 91 0
-495 -491 84 0
-495 -499 93 0
-495 -499 100 0
-495 -503 94 0
-495 -503 108 0
-495 -507 95 0
-495 -507 116 0
-495 -511 96 0
-495 -511 124 0
-499 -483 97 0
-499 -483 69 0
-499 -487 98 0
-499 -487 77 0
-499 -491 99 0
-499 -491 85 0
-499 -495 100 0
-499 -495 93 0
-499 -503 102 0
-499 -503 109 0
-499 -507 103 0
-499 -507 117 0
-499 -511 104 0
-499 -511 125 0
-503 -483 105 0
-503 -483 70 0
-503 -487 106 0
-503 -487 78 0
-503 -491 107 0
-503 -491 86 0
-503 -495 108 0
-503 -495 94 0
-503 -499 109 0
-503 -499 102 0
-503 -507 111 0
-503 -507 118 0
-503 -511 112 0
-503 -511 126 0
-507 -483 113 0
-507 -483 71 0
-507 -487 114 0
-507 -487 79 0
-507 -491 115 0
-507 -491 87 0
-507 -495 116 0
-507 -495 95 0
-507 -499 117 0
-507 -499 103 0
-507 -503 118 0
-507 -503 111 0
-507 -511 120 0
-507 -511 127 0
-511 -483 121 0
-511 -483 72 0
-511 -487 122 0
-511 -487 80 0
-511 -491 123 0
-511 -491 88 0
-511 -495 124 0
-511 -495 96 0
-511 -499 125 0
-511 -499 104 0
-511 -503 126 0
-511 -503 112 0
-511 -507 127 0
-511 -507 120 0
-484 -488 66 0
-484 -488 73 0
-484 -492 67 0
-484 -492 81 0
-484 -496 68 0
-484 -496 89 0
-484 -500 69 0
-484 -500 97 0
-484 -504 70 0
-484 -504 105 0
-484 -508 71 0
-484 -508 113 0
-484 -512 72 0
-484 -512 121 0
-488 -484 73 0
-488 -484 66 0
-488 -492 75 0
-488 -492 82 0
-488 -496 76 0
-488 -496 90 0
-488 -500 77 0
-488 -500 98 0
-488 -504 78 0
-488 -504 106 0
-488 -508 79 0
-488 -508 114 0
-488 -512 80 0
-488 -512 122 0
-492 -484 81 0
-492 -484 67 0
-492 -488 82 0
-492 -488 75 0
-492 -496 84 0
-492 -496 91 0
-492 -500 85 0
-492 -500 99 0
-492 -504 86 0
-492 -504 107 0
-492 -508 87 0
-492 -508 115 0
-492 -512 88 0
-492 -512 123 0
-496 -484 89 0
-496 -484 68 0
-496 -488 90 0
-496 -488 76 0
-496 -492 91 0
-496 -492 84 0
-496 -500 93 0
-496 -500 100 0
-496 -504 94 0
-496 -504 108 0
-496 -508 95 0
-496 -508 116 0
-496 -512 96 0
-496 -512 124 0
-500 -484 97 0
-500 -484 69 0
-500 -488 98 0
-500 -488 77 0
-500 -492 99 0
-500 -492 85 0
-500 -496 100 0
-500 -496 93 0
-500 -504 102 0
-500 -504 109 0
-500 -508 103 0
-500 -508 117 0
-500 -512 104 0
-500 -512 125 0
-504 -484 105 0
-504 -484 70 0
-504 -488 106 0
-504 -488 78 0
-504 -492 107 0
-504 -492 86 0
-504 -496 108 0
-504 -496 94 0
-504 -500 109 0
-504 -500 102 0
-504 -508 111 0
-504 -508 118 0
-504 -512 112 0
-504 -512 126 0
-508 -484 113 0
-508 -484 71 0
-508 -488 114 0
-508 -488 79 0
-508 -492 115 0
-508 -492 87 0
-508 -496 116 0
-508 -496 95 0
-508 -500 117 0
-508 -500 103 0
-508 -504 118 0
-508 -504 111 0
-508 -512 120 0
-508 -512 127 0
-512 -484 121 0
-512 -484 72 0
-512 -488 122 0
-512 -488 80 0
-512 -492 123 0
-512 -492 88 0
-512 -496 124 0
-512 -496 96 0
-512 -500 125 0
-512 -500 104 0
-512 -504 126 0
-512 -504 112 0
-512 -508 127 0
-512 -508 120 0
-513 -517 130 0
-513 -517 137 0
-513 -521 131 0
-513 -521 145 0
-513 -525 132 0
-513 -525 153 0
-513 -529 133 0
-513 -529 161 0
-513 -533 134 0
-513 -533 169 0
-513 -537 135 0
-513 -537 177 0
-513 -541 136 0
-513 -541 185 0
-517 -513 137 0
-517 -513 130 0
-517 -521 139 0
-517 -521 146 0
-517 -525 140 0
-517 -525 154 0
-517 -529 141 0
-517 -529 162 0
-517 -533 142 0
-517 -533 170 0
-517 -537 143 0
-517 -537 178 0
-517 -541 144 0
-517 -541 186 0
-521 -513 145 0
-521 -513 131 0
-521 -517 146 0
-521 -517 139 0
-521 -525 148 0
-521 -525 155 0
-521 -529 149 0
-521 -529 163 0
-521 -533 150 0
-521 -533 171 0
-521 -537 151 0
-521 -537 179 0
-521 -541 152 0
-521 -541 187 0
-525 -513 153 0
-525 -513 132 0
-525 -517 154 0
-525 -517 140 0
-525 -521 155 0
-525 -521 148 0
-525 -529 157 0
-525 -529 164 0
-525 -533 158 0
-525 -533 172 0
-525 -537 159 0
-525 -537 180 0
-525 -541 160 0
-525 -541 188 0
-529 -513 161 0
-529 -513 133 0
-529 -517 162 0
-529 -517 141 0
-529 -521 163 0
-529 -521 149 0
-529 -525 164 0
-529 -525 157 0
-529 -533 166 0
-529 -533 173 0
-529 -537 167 0
-529 -537 181 0
-529 -541 168 0
-529 -541 189 0
-533 -513 169 0
-533 -513 134 0
-533 -517 170 0
-533 -517 142 0
-533 -521 171 0
-533 -521 150 0
-533 -525 172 0
-533 -525 158 0
-533 -529 173 0
-533 -529 166 0
-533 -537 175 0
-533 -537 182 0
-533 -541 176 0
-533 -541 190 0
-537 -513 177 0
-537 -513 135 0
-537 -517 178 0
-537 -517 143 0
-537 -521 179 0
-537 -521 151 0
-537 -525 180 0
-537 -525 159 0
-537 -529 181 0
-537 -529 167 0
-537 -533 182 0
-537 -533 175 0
-537 -541 184 0
-537 -541 191 0
-541 -513 185 0
-541 -513 136 0
-541 -517 186 0
-541 -517 144 0
-541 -521 187 0
-541 -521 152 0
-541 -525 188 0
-541 -525 160 0
-541 -529 189 0
-541 -529 168 0
-541 -533 190 0
-541 -533 176 0
-541 -537 191 0
-541 -537 184 0
-514 -518 130 0
-514 -518 137 0
-514 -522 131 0
-514 -522 145 0
-514 -526 132 0
-514 -526 153 0
-514 -530 133 0
-514 -530 161 0
-514 -534 134 0
-514 -534 169 0
-514 -538 135 0
-514 -538 177 0
-514 -542 136 0
-514 -542 185 0
-518 -514 137 0
-518 -514 130 0
-518 -522 139 0
-518 -522 146 0
-518 -526 140 0
-518 -526 154 0
-518 -530 141 0
-518 -530 162 0
-518 -534 142 0
-518 -534 170 0
-518 -538 143 0
-518 -538 178 0
-518 -542 144 0
-518 -542 186 0
-522 -514 145 0
-522 -514 131 0
-522 -518 146 0
-522 -518 139 0
-522 -526 148 0
-522 -526 155 0
-522 -530 149 0
-522 -530 163 0
-522 -534 150 0
-522 -534 171 0
-522 -538 151 0
-522 -538 179 0
-522 -542 152 0
-522 -542 187 0
-526 -514 153 0
-526 -514 132 0
-526 -518 154 0
-526 -518 140 0
-526 -522 155 0
-526 -522 148 0
-526 -530 157 0
-526 -530 164 0
-526 -534 158 0
-526 -534 172 0
-526 -538 159 0
-526 -538 180 0
-526 -542 160 0
-526 -542 188 0
-530 -514 161 0
-530 -514 133 0
-530 -518 162 0
-530 -518 141 0
-530 -522 163 0
-530 -522 149 0
-530 -526 164 0
-530 -526 157 0
-530 -534 166 0
-530 -534 173 0
-530 -538 167 0
-530 -538 181 0
-530 -542 168 0
-530 -542 189 0
-534 -514 169 0
-534 -514 134 0
-534 -518 170 0
-534 -518 142 0
-534 -522 171 0
-534 -522 150 0
-534 -526 172 0
-534 -526 158 0
-534 -530 173 0
-534 -530 166 0
-534 -538 175 0
-534 -538 182 0
-534 -542 176 0
-534 -542 190 0
-538 -514 177 0
-538 -514 135 0
-538 -518 178 0
-538 -518 143 0
-538 -522 179 0
-538 -522 151 0
-538 -526 180 0
-538 -526 159 0
-538 -530 181 0
-538 -530 167 0
-538 -534 182 0
-538 -534 175 0
-538 -542 184 0
-538 -542 191 0
-542 -514 185 0
-542 -514 136 0
-542 -518 186 0
-542 -518 144 0
-542 -522 187 0
-542 -522 152 0
-542 -526 188 0
-542 -526 160 0
-542 -530 189 0
-542 -530 168 0
-542 -534 190 0
-542 -534 176 0
-542 -538 191 0
-542 -538 184 0
-515 -519 130 0
-515 -519 137 0
-515 -523 131 0
-515 -523 145 0
-515 -527 132 0
-515 -527 153 0
-515 -531 133 0
-515 -531 161 0
-515 -535 134 0
-515 -535 169 0
-515 -539 135 0
-515 -539 177 0
-515 -543 136 0
-515 -543 185 0
-519 -515 137 0
-519 -515 130 0
-519 -523 139 0
-519 -523 146 0
-519 -527 140 0
-519 -527 154 0
-519 -531 141 0
-519 -531 162 0
-519 -535 142 0
-519 -535 170 0
-519 -539 143 0
-519 -539 178 0
-519 -543 144 0
-519 -543 186 0
-523 -515 145 0
-523 -515 131 0
-523 -519 146 0
-523 -519 139 0
-523 -527 148 0
-523 -527 155 0
-523 -531 149 0
-523 -531 163 0
-523 -535 150 0
-523 -535 171 0
-523 -539 151 0
-523 -539 179 0
-523 -543 152 0
-523 -543 187 0
-527 -515 153 0
-527 -515 132 0
-527 -519 154 0
-527 -519 140 0
-527 -523 155 0
-527 -523 148 0
-527 -531 157 0
-527 -531 164 0
-527 -535 158 0
-527 -535 172 0
-527 -539 159 0
-527 -539 180 0
-527 -543 160 0
-527 -543 188 0
-531 -515 161 0
-531 -515 133 0
-531 -519 162 0
-531 -519 141 0
-531 -523 163 0
-531 -523 149 0
-531 -527 164 0
-531 -527 157 0
-531 -535 166 0
-531 -535 173 0
-531 -539 167 0
-531 -539 181 0
-531 -543 168 0
-531 -543 189 0
-535 -515 169 0
-535 -515 134 0
-535 -519 170 0
-535 -519 142 0
-535 -523 171 0
-535 -523 150 0
-535 -527 172 0
-535 -527 158 0
-535 -531 173 0
-535 -531 166 0
-535 -539 175 0
-535 -539 182 0
-535 -543 176 0
-535 -543 190 0
-539 -515 177 0
-539 -515 135 0
-539 -519 178 0
-539 -519 143 0
-539 -523 179 0
-539 -523 151 0
-539 -527 180 0
-539 -527 159 0
-539 -531 181 0
-539 -531 167 0
-539 -535 182 0
-539 -535 175 0
-539 -543 184 0
-539 -543 191 0
-543 -515 185 0
-543 -515 136 0
-543 -519 186 0
-543 -519 144 0
-543 -523 187 0
-543 -523 152 0
-543 -527 188 0
-543 -527 160 0
-543 -531 189 0
-543 -531 168 0
-543 -535 190 0
-543 -535 176 0
-543 -539 191 0
-543 -539 184 0
-516 -520 130 0
-516 -520 137 0
-516 -524 131 0
-516 -524 145 0
-516 -528 132 0
-516 -528 153 0
-516 -532 133 0
-516 -532 161 0
-516 -536 134 0
-516 -536 169 0
-516 -540 135 0
-516 -540 177 0
-516 -544 136 0
-516 -544 185 0
-520 -516 137 0
-520 -516 130 0
-520 -524 139 0
-520 -524 146 0
-520 -528 140 0
-520 -528 154 0
-520 -532 141 0
-520 -532 162 0
-520 -536 142 0
-520 -536 170 0
-520 -540 143 0
-520 -540 178 0
-520 -544 144 0
-520 -544 186 0
-524 -516 145 0
-524 -516 131 0
-524 -520 146 0
-524 -520 139 0
-524 -528 148 0
-524 -528 155 0
-524 -532 149 0
-524 -532 163 0
-524 -536 150 0
-524 -536 171 0
-524 -540 151 0
-524 -540 179 0
-524 -544 152 0
-524 -544 187 0
-528 -516 153 0
-528 -516 132 0
-528 -520 154 0
-528 -520 140 0
-528 -524 155 0
-528 -524 148 0
-528 -532 157 0
-528 -532 164 0
-528 -536 158 0
-528 -536 172 0
-528 -540 159 0
-528 -540 180 0
-528 -544 160 0
-528 -544 188 0
-532 -516 161 0
-532 -516 133 0
-532 -520 162 0
-532 -520 141 0
-532 -524 163 0
-532 -524 149 0
-532 -528 164 0
-532 -528 157 0
-532 -536 166 0
-532 -536 173 0
-532 -540 167 0
-532 -540 181 0
-532 -544 168 0
-532 -544 189 0
-536 -516 169 0
-536 -516 134 0
-536 -520 170 0
-536 -520 142 0
-536 -524 171 0
-536 -524 150 0
-536 -528 172 0
-536 -528 158 0
-536 -532 173 0
-536 -532 166 0
-536 -540 175 0
-536 -540 182 0
-536 -544 176 0
-536 -544 190 0
-540 -516 177 0
-540 -516 135 0
-540 -520 178 0
-540 -520 143 0
-540 -524 179 0
-540 -524 151 0
-540 -528 180 0
-540 -528 159 0
-540 -532 181 0
-540 -532 167 0
-540 -536 182 0
-540 -536 175 0
-540 -544 184 0
-540 -544 191 0
-544 -516 185 0
-544 -516 136 0
-544 -520 186 0
-544 -520 144 0
-544 -524 187 0
-544 -524 152 0
-544 -528 188 0
-544 -528 160 0
-544 -532 189 0
-544 -532 168 0
-544 -536 190 0
-544 -536 176 0
-544 -540 191 0
-544 -540 184 0
-545 -549 194 0
-545 -549 201 0
-545 -553 195 0
-545 -553 209 0
-545 -557 196 0
-545 -557 217 0
-545 -561 197 0
-545 -561 225 0
-545 -565 198 0
-545 -565 233 0
-545 -569 199 0
-545 -569 241 0
-545 -573 200 0
-545 -573 249 0
-549 -545 201 0
-549 -545 194 0
-549 -553 203 0
-549 -553 210 0
-549 -557 204 0
-549 -557 218 0
-549 -561 205 0
-549 -561 226 0
-549 -565 206 0
-549 -565 234 0
-549 -569 207 0
-549 -569 242 0
-549 -573 208 0
-549 -573 250 0
-553 -545 209 0
-553 -545 195 0
-553 -549 210 0
-553 -549 203 0
-553 -557 212 0
-553 -557 219 0
-553 -561 213 0
-553 -561 227 0
-553 -565 214 0
-553 -565 235 0
-553 -569 215 0
-553 -569 243 0
-553 -573 216 0
-553 -573 251 0
-557 -545 217 0
-557 -545 196 0
-557 -549 218 0
-557 -549 204 0
-557 -553 219 0
-557 -553 212 0
-557 -561 221 0
-557 -561 228 0
-557 -565 222 0
-557 -565 236 0
-557 -569 223 0
-557 -569 244 0
-557 -573 224 0
-557 -573 252 0
-561 -545 225 0
-561 -545 197 0
-561 -549 226 0
-561 -549 205 0
-561 -553 227 0
-561 -553 213 0
-561 -557 228 0
-561 -557 221 0
-561 -565 230 0
-561 -565 237 0
-561 -569 231 0
-561 -569 245 0
-561 -573 232 0
-561 -573 253 0
-565 -545 233 0
-565 -545 198 0
-565 -549 234 0
-565 -549 206 0
-565 -553 235 0
-565 -553 214 0
-565 -557 236 0
-565 -557 222 0
-565 -561 237 0
-565 -561 230 0
-565 -569 239 0
-565 -569 246 0
-565 -573 240 0
-565 -573 254 0
-569 -545 241 0
-569 -545 199 0
-569 -549 242 0
-569 -549 207 0
-569 -553 243 0
-569 -553 215 0
-569 -557 244 0
-569 -557 223 0
-569 -561 245 0
-569 -561 231 0
-569 -565 246 0
-569 -565 239 0
-569 -573 248 0
-569 -573 255 0
-573 -545 249 0
-573 -545 200 0
-573 -549 250 0
-573 -549 208 0
-573 -553 251 0
-573 -553 216 0
-573 -557 252 0
-573 -557 224 0
-573 -561 253 0
-573 -561 232 0
-573 -565 254 0
-573 -565 240 0
-573 -569 255 0
-573 -569 248 0
-546 -550 194 0
-546 -550 201 0
-546 -554 195 0
-546 -554 209 0
-546 -558 196 0
-546 -558 217 0
-546 -562 197 0
-546 -562 225 0
-546 -566 198 0
-546 -566 233 0
-546 -570 199 0
-546 -570 241 0
-546 -574 200 0
-546 -574 249 0
-550 -546 201 0
-550 -546 194 0
-550 -554 203 0
-550 -554 210 0
-550 -558 204 0
-550 -558 218 0
-550 -562 205 0
-550 -562 226 0
-550 -566 206 0
-550 -566 234 0
-550 -570 207 0
-550 -570 242 0
-550 -574 208 0
-550 -574 250 0
-554 -546 209 0
-554 -546 195 0
-554 -550 210 0
-554 -550 203 0
-554 -558 212 0
-554 -558 219 0
-554 -562 213 0
-554 -562 227 0
-554 -566 214 0
-554 -566 235 0
-554 -570 215 0
-554 -570 243 0
-554 -574 216 0
-554 -574 251 0
-558 -546 217 0
-558 -546 196 0
-558 -550 218 0
-558 -550 204 0
-558 -554 219 0
-558 -554 212 0
-558 -562 221 0
-558 -562 228 0
-558 -566 222 0
-558 -566 236 0
-558 -570 223 0
-558 -570 244 0
-558 -574 224 0
-558 -574 252 0
-562 -546 225 0
-562 -546 197 0
-562 -550 226 0
-562 -550 205 0
-562 -554 227 0
-562 -554 213 0
-562 -558 228 0
-562 -558 221 0
-562 -566 230 0
-562 -566 237 0
-562 -570 231 0
-562 -570 245 0
-562 -574 232 0
-562 -574 253 0
-566 -546 233 0
-566 -546 198 0
-566 -550 234 0
-566 -550 206 0
-566 -554 235 0
-566 -554 214 0
-566 -558 236 0
-566 -558 222 0
-566 -562 237 0
-566 -562 230 0
-566 -570 239 0
-566 -570 246 0
-566 -574 240 0
-566 -574 254 0
-570 -546 241 0
-570 -546 199 0
-570 -550 242 0
-570 -550 207 0
-570 -554 243 0
-570 -554 215 0
-570 -558 244 0
-570 -558 223 0
-570 -562 245 0
-570 -562 231 0
-570 -566 246 0
-570 -566 239 0
-570 -574 248 0
-570 -574 255 0
-574 -546 249 0
-574 -546 200 0
-574 -550 250 0
-574 -550 208 0
-574 -554 251 0
-574 -554 216 0
-574 -558 252 0
-574 -558 224 0
-574 -562 253 0
-574 -562 232 0
-574 -566 254 0
-574 -566 240 0
-574 -570 255 0
-574 -570 248 0
-547 -551 194 0
-547 -551 201 0
-547 -555 195 0
-547 -555 209 0
-547 -559 196 0
-547 -559 217 0
-547 -563 197 0
-547 -563 225 0
-547 -567 198 0
-547 -567 233 0
-547 -571 199 0
-547 -571 241 0
-547 -575 200 0
-547 -575 249 0
-551 -547 201 0
-551 -547 194 0
-551 -555 203 0
-551 -555 210 0
-551 -559 204 0
-551 -559 218 0
-551 -563 205 0
-551 -563 226 0
-551 -567 206 0
-551 -567 234 0
-551 -571 207 0
-551 -571 242 0
-551 -575 208 0
-551 -575 250 0
-555 -547 209 0
-555 -547 195 0
-555 -551 210 0
-555 -551 203 0
-555 -559 212 0
-555 -559 219 0
-555 -563 213 0
-555 -563 227 0
-555 -567 214 0
-555 -567 235 0
-555 -571 215 0
-555 -571 243 0
-555 -575 216 0
-555 -575 251 0
-559 -547 217 0
-559 -547 196 0
-559 -551 218 0
-559 -551 204 0
-559 -555 219 0
-559 -555 212 0
-559 -563 221 0
-559 -563 228 0
-559 -567 222 0
-559 -567 236 0
-559 -571 223 0
-559 -571 244 0
-559 -575 224 0
-559 -575 252 0
-563 -547 225 0
-563 -547 197 0
-563 -551 226 0
-563 -551 205 0
-563 -555 227 0
-563 -555 213 0
-563 -559 228 0
-563 -559 221 0
-563 -567 230 0
-563 -567 237 0
-563 -571 231 0
-563 -571 245 0
-563 -575 232 0
-563 -575 253 0
-567 -547 233 0
-567 -547 198 0
-567 -551 234 0
-567 -551 206 0
-567 -555 235 0
-567 -555 214 0
-567 -559 236 0
-567 -559 222 0
-567 -563 237 0
-567 -563 230 0
-567 -571 239 0
-567 -571 246 0
-567 -575 240 0
-567 -575 254 0
-571 -547 241 0
-571 -547 199 0
-571 -551 242 0
-571 -551 207 0
-571 -555 243 0
-571 -555 215 0
-571 -559 244 0
-571 -559 223 0
-571 -563 245 0
-571 -563 231 0
-571 -567 246 0
-571 -567 239 0
-571 -575 248 0
-571 -575 255 0
-575 -547 249 0
-575 -547 200 0
-575 -551 250 0
-575 -551 208 0
-575 -555 251 0
-575 -555 216 0
-575 -559 252 0
-575 -559 224 0
-575 -563 253 0
-575 -563 232 0
-575 -567 254 0
-575 -567 240 0
-575 -571 255 0
-575 -571 248 0
-548 -552 194 0
-548 -552 201 0
-548 -556 195 0
-548 -556 209 0
-548 -560 196 0
-548 -560 217 0
-548 -564 197 0
-548 -564 225 0
-548 -568 198 0
-548 -568 233 0
-548 -572 199 0
-548 -572 241 0
-548 -576 200 0
-548 -576 249 0
-552 -548 201 0
-552 -548 194 0
-552 -556 203 0
-552 -556 210 0
-552 -560 204 0
-552 -560 218 0
-552 -564 205 0
-552 -564 226 0
-552 -568 206 0
-552 -568 234 0
-552 -572 207 0
-552 -572 242 0
-552 -576 208 0
-552 -576 250 0
-556 -548 209 0
-556 -548 195 0
-556 -552 210 0
-556 -552 203 0
-556 -560 212 0
-556 -560 219 0
-556 -564 213 0
-556 -564 227 0
-556 -568 214 0
-556 -568 235 0
-556 -572 215 0
-556 -572 243 0
-556 -576 216 0
-556 -576 251 0
-560 -548 217 0
-560 -548 196 0
-560 -552 218 0
-560 -552 204 0
-560 -556 219 0
-560 -556 212 0
-560 -564 221 0
-560 -564 228 0
-560 -568 222 0
-560 -568 236 0
-560 -572 223 0
-560 -572 244 0
-560 -576 224 0
-560 -576 252 0
-564 -548 225 0
-564 -548 197 0
-564 -552 226 0
-564 -552 205 0
-564 -556 227 0
-564 -556 213 0
-564 -560 228 0
-564 -560 221 0
-564 -568 230 0
-564 -568 237 0
-564 -572 231 0
-564 -572 245 0
-564 -576 232 0
-564 -576 253 0
-568 -548 233 0
-568 -548 198 0
-568 -552 234 0
-568 -552 206 0
-568 -556 235 0
-568 -556 214 0
-568 -560 236 0
-568 -560 222 0
-568 -564 237 0
-568 -564 230 0
-568 -572 239 0
-568 -572 246 0
-568 -576 240 0
-568 -576 254 0
-572 -548 241 0
-572 -548 199 0
-572 -552 242 0
-572 -552 207 0
-572 -556 243 0
-572 -556 215 0
-572 -560 244 0
-572 -560 223 0
-572 -564 245 0
-572 -564 231 0
-572 -568 246 0
-572 -568 239 0
-572 -576 248 0
-572 -576 255 0
-576 -548 249 0
-576 -548 200 0
-576 -552 250 0
-576 -552 208 0
-576 -556 251 0
-576 -556 216 0
-576 -560 252 0
-576 -560 224 0
-576 -564 253 0
-576 -564 232 0
-576 -568 254 0
-576 -568 240 0
-576 -572 255 0
-576 -572 248 0
-577 -581 258 0
-577 -581 265 0
-577 -585 259 0
-577 -585 273 0
-577 -589 260 0
-577 -589 281 0
-577 -593 261 0
-577 -593 289 0
-577 -597 262 0
-577 -597 297 0
-577 -601 263 0
-577 -601 305 0
-577 -605 264 0
-577 -605 313 0
-581 -577 265 0
-581 -577 258 0
-581 -585 267 0
-581 -585 274 0
-581 -589 268 0
-581 -589 282 0
-581 -593 269 0
-581 -593 290 0
-581 -597 270 0
-581 -597 298 0
-581 -601 271 0
-581 -601 306 0
-581 -605 272 0
-581 -605 314 0
-585 -577 273 0
-585 -577 259 0
-585 -581 274 0
-585 -581 267 0
-585 -589 276 0
-585 -589 283 0
-585 -593 277 0
-585 -593 291 0
-585 -597 278 0
-585 -597 299 0
-585 -601 279 0
-585 -601 307 0
-585 -605 280 0
-585 -605 315 0
-589 -577 281 0
-589 -577 260 0
-589 -581 282 0
-589 -581 268 0
-589 -585 283 0
-589 -585 276 0
-589 -593 285 0
-589 -593 292 0
-589 -597 286 0
-589 -597 300 0
-589 -601 287 0
-589 -601 308 0
-589 -605 288 0
-589 -605 316 0
-593 -577 289 0
-593 -577 261 0
-593 -581 290 0
-593 -581 269 0
-593 -585 291 0
-593 -585 277 0
-593 -589 292 0
-593 -589 285 0
-593 -597 294 0
-593 -597 301 0
-593 -601 295 0
-593 -601 309 0
-593 -605 296 0
-593 -605 317 0
-597 -577 297 0
-597 -577 262 0
-597 -581 298 0
-597 -581 270 0
-597 -585 299 0
-597 -585 278 0
-597 -589 300 0
-597 -589 286 0
-597 -593 301 0
-597 -593 294 0
-597 -601 303 0
-597 -601 310 0
-597 -605 304 0
-597 -605 318 0
-601 -577 305 0
-601 -577 263 0
-601 -581 306 0
-601 -581 271 0
-601 -585 307 0
-601 -585 279 0
-601 -589 308 0
-601 -589 287 0
-601 -593 309 0
-601 -593 295 0
-601 -597 310 0
-601 -597 303 0
-601 -605 312 0
-601 -605 319 0
-605 -577 313 0
-605 -577 264 0
-605 -581 314 0
-605 -581 272 0
-605 -585 315 0
-605 -585 280 0
-605 -589 316 0
-605 -589 288 0
-605 -593 317 0
-605 -593 296 0
-605 -597 318 0
-605 -597 304 0
-605 -601 319 0
-605 -601 312 0
-578 -582 258 0
-578 -582 265 0
-578 -586 259 0
-578 -586 273 0
-578 -590 260 0
-578 -590 281 0
-578 -594 261 0
-578 -594 289 0
-578 -598 262 0
-578 -598 297 0
-578 -602 263 0
-578 -602 305 0
-578 -606 264 0
-578 -606 313 0
-582 -578 265 0
-582 -578 258 0
-582 -586 267 0
-582 -586 274 0
-582 -590 268 0
-582 -590 282 0
-582 -594 269 0
-582 -594 290 0
-582 -598 270 0
-582 -598 298 0
-582 -602 271 0
-582 -602 306 0
-582 -606 272 0
-582 -606 314 0
-586 -578 273 0
-586 -578 259 0
-586 -582 274 0
-586 -582 267 0
-586 -590 276 0
-586 -590 283 0
-586 -594 277 0
-586 -594 291 0
-586 -598 278 0
-586 -598 299 0
-586 -602 279 0
-586 -602 307 0
-586 -606 280 0
-586 -606 315 0
-590 -578 281 0
-590 -578 260 0
-590 -582 282 0
-590 -582 268 0
-590 -586 283 0
-590 -586 276 0
-590 -594 285 0
-590 -594 292 0
-590 -598 286 0
-590 -598 300 0
-590 -602 287 0
-590 -602 308 0
-590 -606 288 0
-590 -606 316 0
-594 -578 289 0
-594 -578 261 0
-594 -582 290 0
-594 -582 269 0
-594 -586 291 0
-594 -586 277 0
-594 -590 292 0
-594 -590 285 0
-594 -598 294 0
-594 -598 301 0
-594 -602 295 0
-594 -602 309 0
-594 -606 296 0
-594 -606 317 0
-598 -578 297 0
-598 -578 262 0
-598 -582 298 0
-598 -582 270 0
-598 -586 299 0
-598 -586 278 0
-598 -590 300 0
-598 -590 286 0
-598 -594 301 0
-598 -594 294 0
-598 -602 303 0
-598 -602 310 0
-598 -606 304 0
-598 -606 318 0
-602 -578 305 0
-602 -578 263 0
-602 -582 306 0
-602 -582 271 0
-602 -586 307 0
-602 -586 279 0
-602 -590 308 0
-602 -590 287 0
-602 -594 309 0
-602 -594 295 0
-602 -598 310 0
-602 -598 303 0
-602 -606 312 0
-602 -606 319 0
-606 -578 313 0
-606 -578 264 0
-606 -582 314 0
-606 -582 272 0
-606 -586 315 0
-606 -586 280 0
-606 -590 316 0
-606 -590 288 0
-606 -594 317 0
-606 -594 296 0
-606 -598 318 0
-606 -598 304 0
-606 -602 319 0
-606 -602 312 0
-579 -583 258 0
-579 -583 265 0
-579 -587 259 0
-579 -587 273 0
-579 -591 260 0
-579 -591 281 0
-579 -595 261 0
-579 -595 289 0
-579 -599 262 0
-579 -599 297 0
-579 -603 263 0
-579 -603 305 0
-579 -607 264 0
-579 -607 313 0
-583 -579 265 0
-583 -579 258 0
-583 -587 267 0
-583 -587 274 0
-583 -591 268 0
-583 -591 282 0
-583 -595 269 0
-583 -595 290 0
-583 -599 270 0
-583 -599 298 0
-583 -603 271 0
-583 -603 306 0
-583 -607 272 0
-583 -607 314 0
-587 -579 273 0
-587 -579 259 0
-587 -583 274 0
-587 -583 267 0
-587 -591 276 0
-587 -591 283 0
-587 -595 277 0
-587 -595 291 0
-587 -599 278 0
-587 -599 299 0
-587 -603 279 0
-587 -603 307 0
-587 -607 280 0
-587 -607 315 0
-591 -579 281 0
-591 -579 260 0
-591 -583 282 0
-591 -583 268 0
-591 -587 283 0
-591 -587 276 0
-591 -595 285 0
-591 -595 292 0
-591 -599 286 0
-591 -599 300 0
-591 -603 287 0
-591 -603 308 0
-591 -607 288 0
-591 -607 316 0
-595 -579 289 0
-595 -579 261 0
-595 -583 290 0
-595 -583 269 0
-595 -587 291 0
-595 -587 277 0
-595 -591 292 0
-595 -591 285 0
-595 -599 294 0
-595 -599 301 0
-595 -603 295 0
-595 -603 309 0
-595 -607 296 0
-595 -607 317 0
-599 -579 297 0
-599 -579 262 0
-599 -583 298 0
-599 -583 270 0
-599 -587 299 0
-599 -587 278 0
-599 -591 300 0
-599 -591 286 0
-599 -595 301 0
-599 -595 294 0
-599 -603 303 0
-599 -603 310 0
-599 -607 304 0
-599 -607 318 0
-603 -579 305 0
-603 -579 263 0
-603 -583 306 0
-603 -583 271 0
-603 -587 307 0
-603 -587 279 0
-603 -591 308 0
-603 -591 287 0
-603 -595 309 0
-603 -595 295 0
-603 -599 310 0
-603 -599 303 0
-603 -607 312 0
-603 -607 319 0
-607 -579 313 0
-607 -579 264 0
-607 -583 314 0
-607 -583 272 0
-607 -587 315 0
-607 -587 280 0
-607 -591 316 0
-607 -591 288 0
-607 -595 317 0
-607 -595 296 0
-607 -599 318 0
-607 -599 304 0
-607 -603 319 0
-607 -603 312 0
-580 -584 258 0
-580 -584 265 0
-580 -588 259 0
-580 -588 273 0
-580 -592 260 0
-580 -592 281 0
-580 -596 261 0
-580 -596 289 0
-580 -600 262 0
-580 -600 297 0
-580 -604 263 0
-580 -604 305 0
-580 -608 264 0
-580 -608 313 0
-584 -580 265 0
-584 -580 258 0
-584 -588 267 0
-584 -588 274 0
-584 -592 268 0
-584 -592 282 0
-584 -596 269 0
-584 -596 290 0
-584 -600 270 0
-584 -600 298 0
-584 -604 271 0
-584 -604 306 0
-584 -608 272 0
-584 -608 314 0
-588 -580 273 0
-588 -580 259 0
-588 -584 274 0
-588 -584 267 0
-588 -592 276 0
-588 -592 283 0
-588 -596 277 0
-588 -596 291 0
-588 -600 278 0
-588 -600 299 0
-588 -604 279 0
-588 -604 307 0
-588 -608 280 0
-588 -608 315 0
-592 -580 281 0
-592 -580 260 0
-592 -584 282 0
-592 -584 268 0
-592 -588 283 0
-592 -588 276 0
-592 -596 285 0
-592 -596 292 0
-592 -600 286 0
-592 -600 300 0
-592 -604 287 0
-592 -604 308 0
-592 -608 288 0
-592 -608 316 0
-596 -580 289 0
-596 -580 261 0
-596 -584 290 0
-596 -584 269 0
-596 -588 291 0
-596 -588 277 0
-596 -592 292 0
-596 -592 285 0
-596 -600 294 0
-596 -600 301 0
-596 -604 295 0
-596 -604 309 0
-596 -608 296 0
-596 -608 317 0
-600 -580 297 0
-600 -580 262 0
-600 -584 298 0
-600 -584 270 0
-600 -588 299 0
-600 -588 278 0
-600 -592 300 0
-600 -592 286 0
-600 -596 301 0
-600 -596 294 0
-600 -604 303 0
-600 -604 310 0
-600 -608 304 0
-600 -608 318 0
-604 -580 305 0
-604 -580 263 0
-604 -584 306 0
-604 -584 271 0
-604 -588 307 0
-604 -588 279 0
-604 -592 308 0
-604 -592 287 0
-604 -596 309 0
-604 -596 295 0
-604 -600 310 0
-604 -600 303 0
-604 -608 312 0
-604 -608 319 0
-608 -580 313 0
-608 -580 264 0
-608 -584 314 0
-608 -584 272 0
-608 -588 315 0
-608 -588 280 0
-608 -592 316 0
-608 -592 288 0
-608 -596 317 0
-608 -596 296 0
-608 -600 318 0
-608 -600 304 0
-608 -604 319 0
-608 -604 312 0
-609 -613 322 0
-609 -613 329 0
-609 -617 323 0
-609 -617 337 0
-609 -621 324 0
-609 -621 345 0
-609 -625 325 0
-609 -625 353 0
-609 -629 326 0
-609 -629 361 0
-609 -633 327 0
-609 -633 369 0
-609 -637 328 0
-609 -637 377 0
-613 -609 329 0
-613 -609 322 0
-613 -617 331 0
-613 -617 338 0
-613 -621 332 0
-613 -621 346 0
-613 -625 333 0
-613 -625 354 0
-613 -629 334 0
-613 -629 362 0
-613 -633 335 0
-613 -633 370 0
-613 -637 336 0
-613 -637 378 0
-617 -609 337 0
-617 -609 323 0
-617 -613 338 0
-617 -613 331 0
-617 -621 340 0
-617 -621 347 0
-617 -625 341 0
-617 -625 355 0
-617 -629 342 0
-617 -629 363 0
-617 -633 343 0
-617 -633 371 0
-617 -637 344 0
-617 -637 379 0
-621 -609 345 0
-621 -609 324 0
-621 -613 346 0
-621 -613 332 0
-621 -617 347 0
-621 -617 340 0
-621 -625 349 0
-621 -625 356 0
-621 -629 350 0
-621 -629 364 0
-621 -633 351 0
-621 -633 372 0
-621 -637 352 0
-621 -637 380 0
-625 -609 353 0
-625 -609 325 0
-625 -613 354 0
-625 -613 333 0
-625 -617 355 0
-625 -617 341 0
-625 -621 356 0
-625 -621 349 0
-625 -629 358 0
-625 -629 365 0
-625 -633 359 0
-625 -633 373 0
-625 -637 360 0
-625 -637 381 0
-629 -609 361 0
-629 -609 326 0
-629 -613 362 0
-629 -613 334 0
-629 -617 363 0
-629 -617 342 0
-629 -621 364 0
-629 -621 350 0
-629 -625 365 0
-629 -625 358 0
-629 -633 367 0
-629 -633 374 0
-629 -637 368 0
-629 -637 382 0
-633 -609 369 0
-633 -609 327 0
-633 -613 370 0
-633 -613 335 0
-633 -617 371 0
-633 -617 343 0
-633 -621 372 0
-633 -621 351 0
-633 -625 373 0
-633 -625 359 0
-633 -629 374 0
-633 -629 367 0
-633 -637 376 0
-633 -637 383 0
-637 -609 377 0
-637 -609 328 0
-637 -613 378 0
-637 -613 336 0
-637 -617 379 0
-637 -617 344 0
-637 -621 380 0
-637 -621 352 0
-637 -625 381 0
-637 -625 360 0
-637 -629 382 0
-637 -629 368 0
-637 -633 383 0
-637 -633 376 0
-610 -614 322 0
-610 -614 329 0
-610 -618 323 0
-610 -618 337 0
-610 -622 324 0
-610 -622 345 0
-610 -626 325 0
-610 -626 353 0
-610 -630 326 0
-610 -630 361 0
-610 -634 327 0
-610 -634 369 0
-610 -638 328 0
-610 -638 377 0
-614 -610 329 0
-614 -610 322 0
-614 -618 331 0
-614 -618 338 0
-614 -622 332 0
-614 -622 346 0
-614 -626 333 0
-614 -626 354 0
-614 -630 334 0
-614 -630 362 0
-614 -634 335 0
-614 -634 370 0
-614 -638 336 0
-614 -638 378 0
-618 -610 337 0
-618 -610 323 0
-618 -614 338 0
-618 -614 331 0
-618 -622 340 0
-618 -622 347 0
-618 -626 341 0
-618 -626 355 0
-618 -630 342 0
-618 -630 363 0
-618 -634 343 0
-618 -634 371 0
-618 -638 344 0
-618 -638 379 0
-622 -610 345 0
-622 -610 324 0
-622 -614 346 0
-622 -614 332 0
-622 -618 347 0
-622 -618 340 0
-622 -626 349 0
-622 -626 356 0
-622 -630 350 0
-622 -630 364 0
-622 -634 351 0
-622 -634 372 0
-622 -638 352 0
-622 -638 380 0
-626 -610 353 0
-626 -610 325 0
-626 -614 354 0
-626 -614 333 0
-626 -618 355 0
-626 -618 341 0
-626 -622 356 0
-626 -622 349 0
-626 -630 358 0
-626 -630 365 0
-626 -634 359 0
-626 -634 373 0
-626 -638 360 0
-626 -638 381 0
-630 -610 361 0
-630 -610 326 0
-630 -614 362 0
-630 -614 334 0
-630 -618 363 0
-630 -618 342 0
-630 -622 364 0
-630 -622 350 0
-630 -626 365 0
-630 -626 358 0
-630 -634 367 0
-630 -634 374 0
-630 -638 368 0
-630 -638 382 0
-634 -610 369 0
-634 -610 327 0
-634 -614 370 0
-634 -614 335 0
-634 -618 371 0
-634 -618 343 0
-634 -622 372 0
-634 -622 351 0
-634 -626 373 0
-634 -626 359 0
-634 -630 374 0
-634 -630 367 0
-634 -638 376 0
-634 -638 383 0
-638 -610 377 0
-638 -610 328 0
-638 -614 378 0
-638 -614 336 0
-638 -618 379 0
-638 -618 344 0
-638 -622 380 0
-638 -622 352 0
-638 -626 381 0
-638 -626 360 0
-638 -630 382 0
-638 -630 368 0
-638 -634 383 0
-638 -634 376 0
-611 -615 322 0
-611 -615 329 0
-611 -619 323 0
-611 -619 337 0
-611 -623 324 0
-611 -623 345 0
-611 -627 325 0
-611 -627 353 0
-611 -631 326 0
-611 -631 361 0
-611 -635 327 0
-611 -635 369 0
-611 -639 328 0
-611 -639 377 0
-615 -611 329 0
-615 -611 322 0
-615 -619 331 0
-615 -619 338 0
-615 -623 332 0
-615 -623 346 0
-615 -627 333 0
-615 -627 354 0
-615 -631 334 0
-615 -631 362 0
-615 -635 335 0
-615 -635 370 0
-615 -639 336 0
-615 -639 378 0
-619 -611 337 0
-619 -611 323 0
-619 -615 338 0
-619 -615 331 0
-619 -623 340 0
-619 -623 347 0
-619 -627 341 0
-619 -627 355 0
-619 -631 342 0
-619 -631 363 0
-619 -635 343 0
-619 -635 371 0
-619 -639 344 0
-619 -639 379 0
-623 -611 345 0
-623 -611 324 0
-623 -615 346 0
-623 -615 332 0
-623 -619 347 0
-623 -619 340 0
-623 -627 349 0
-623 -627 356 0
-623 -631 350 0
-623 -631 364 0
-623 -635 351 0
-623 -635 372 0
-623 -639 352 0
-623 -639 380 0
-627 -611 353 0
-627 -611 325 0
-627 -615 354 0
-627 -615 333 0
-627 -619 355 0
-627 -619 341 0
-627 -623 356 0
-627 -623 349 0
-627 -631 358 0
-627 -631 365 0
-627 -635 359 0
-627 -635 373 0
-627 -639 360 0
-627 -639 381 0
-631 -611 361 0
-631 -611 326 0
-631 -615 362 0
-631 -615 334 0
-631 -619 363 0
-631 -619 342 0
-631 -623 364 0
-631 -623 350 0
-631 -627 365 0
-631 -627 358 0
-631 -635 367 0
-631 -635 374 0
-631 -639 368 0
-631 -639 382 0
-635 -611 369 0
-635 -611 327 0
-635 -615 370 0
-635 -615 335 0
-635 -619 371 0
-635 -619 343 0
-635 -623 372 0
-635 -623 351 0
-635 -627 373 0
-635 -627 359 0
-635 -631 374 0
-635 -631 367 0
-635 -639 376 0
-635 -639 383 0
-639 -611 377 0
-639 -611 328 0
-639 -615 378 0
-639 -615 336 0
-639 -619 379 0
-639 -619 344 0
-639 -623 380 0
-639 -623 352 0
-639 -627 381 0
-639 -627 360 0
-639 -631 382 0
-639 -631 368 0
-639 -635 383 0
-639 -635 376 0
-612 -616 322 0
-612 -616 329 0
-612 -620 323 0
-612 -620 337 0
-612 -624 324 0
-612 -624 345 0
-612 -628 325 0
-612 -628 353 0
-612 -632 326 0
-612 -632 361 0
-612 -636 327 0
-612 -636 369 0
-612 -640 328 0
-612 -640 377 0
-616 -612 329 0
-616 -612 322 0
-616 -620 331 0
-616 -620 338 0
-616 -624 332 0
-616 -624 346 0
-616 -628 333 0
-616 -628 354 0
-616 -632 334 0
-616 -632 362 0
-616 -636 335 0
-616 -636 370 0
-616 -640 336 0
-616 -640 378 0
-620 -612 337 0
-620 -612 323 0
-620 -616 338 0
-620 -616 331 0
-620 -624 340 0
-620 -624 347 0
-620 -628 341 0
-620 -628 355 0
-620 -632 342 0
-620 -632 363 0
-620 -636 343 0
-620 -636 371 0
-620 -640 344 0
-620 -640 379 0
-624 -612 345 0
-624 -612 324 0
-624 -616 346 0
-624 -616 332 0
-624 -620 347 0
-624 -620 340 0
-624 -628 349 0
-624 -628 356 0
-624 -632 350 0
-624 -632 364 0
-624 -636 351 0
-624 -636 372 0
-624 -640 352 0
-624 -640 380 0
-628 -612 353 0
-628 -612 325 0
-628 -616 354 0
-628 -616 333 0
-628 -620 355 0
-628 -620 341 0
-628 -624 356 0
-628 -624 349 0
-628 -632 358 0
-628 -632 365 0
-628 -636 359 0
-628 -636 373 0
-628 -640 360 0
-628 -640 381 0
-632 -612 361 0
-632 -612 326 0
-632 -616 362 0
-632 -616 334 0
-632 -620 363 0
-632 -620 342 0
-632 -624 364 0
-632 -624 350 0
-632 -628 365 0
-632 -628 358 0
-632 -636 367 0
-632 -636 374 0
-632 -640 368 0
-632 -640 382 0
-636 -612 369 0
-636 -612 327 0
-636 -616 370 0
-636 -616 335 0
-636 -620 371 0
-636 -620 343 0
-636 -624 372 0
-636 -624 351 0
-636 -628 373 0
-636 -628 359 0
-636 -632 374 0
-636 -632 367 0
-636 -640 376 0
-636 -640 383 0
-640 -612 377 0
-640 -612 328 0
-640 -616 378 0
-640 -616 336 0
-640 -620 379 0
-640 -620 344 0
-640 -624 380 0
-640 -624 352 0
-640 -628 381 0
-640 -628 360 0
-640 -632 382 0
-640 -632 368 0
-640 -636 383 0
-640 -636 376 0
-641 -645 386 0
-641 -645 393 0
-641 -649 387 0
-641 -649 401 0
-641 -653 388 0
-641 -653 409 0
-641 -657 389 0
-641 -657 417 0
-641 -661 390 0
-641 -661 425 0
-641 -665 391 0
-641 -665 433 0
-641 -669 392 0
-641 -669 441 0
-645 -641 393 0
-645 -641 386 0
-645 -649 395 0
-645 -649 402 0
-645 -653 396 0
-645 -653 410 0
-645 -657 397 0
-645 -657 418 0
-645 -661 398 0
-645 -661 426 0
-645 -665 399 0
-645 -665 434 0
-645 -669 400 0
-645 -669 442 0
-649 -641 401 0
-649 -641 387 0
-649 -645 402 0
-649 -645 395 0
-649 -653 404 0
-649 -653 411 0
-649 -657 405 0
-649 -657 419 0
-649 -661 406 0
-649 -661 427 0
-649 -665 407 0
-649 -665 435 0
-649 -669 408 0
-649 -669 443 0
-653 -641 409 0
-653 -641 388 0
-653 -645 410 0
-653 -645 396 0
-653 -649 411 0
-653 -649 404 0
-653 -657 413 0
-653 -657 420 0
-653 -661 414 0
-653 -661 428 0
-653 -665 415 0
-653 -665 436 0
-653 -669 416 0
-653 -669 444 0
-657 -641 417 0
-657 -641 389 0
-657 -645 418 0
-657 -645 397 0
-657 -649 419 0
-657 -649 405 0
-657 -653 420 0
-657 -653 413 0
-657 -661 422 0
-657 -661 429 0
-657 -665 423 0
-657 -665 437 0
-657 -669 424 0
-657 -669 445 0
-661 -641 425 0
-661 -641 390 0
-661 -645 426 0
-661 -645 398 0
-661 -649 427 0
-661 -649 406 0
-661 -653 428 0
-661 -653 414 0
-661 -657 429 0
-661 -657 422 0
-661 -665 431 0
-661 -665 438 0
-661 -669 432 0
-661 -669 446 0
-665 -641 433 0
-665 -641 391 0
-665 -645 434 0
-665 -645 399 0
-665 -649 435 0
-665 -649 407 0
-665 -653 436 0
-665 -653 415 0
-665 -657 437 0
-665 -657 423 0
-665 -661 438 0
-665 -661 431 0
-665 -669 440 0
-665 -669 447 0
-669 -641 441 0
-669 -641 392 0
-669 -645 442 0
-669 -645 400 0
-669 -649 443 0
-669 -649 408 0
-669 -653 444 0
-669 -653 416 0
-669 -657 445 0
-669 -657 424 0
-669 -661 446 0
-669 -661 432 0
-669 -665 447 0
-669 -665 440 0
-642 -646 386 0
-642 -646 393 0
-642 -650 387 0
-642 -650 401 0
-642 -654 388 0
-642 -654 409 0
-642 -658 389 0
-642 -658 417 0
-642 -662 390 0
-642 -662 425 0
-642 -666 391 0
-642 -666 433 0
-642 -670 392 0
-642 -670 441 0
-646 -642 393 0
-646 -642 386 0
-646 -650 395 0
-646 -650 402 0
-646 -654 396 0
-646 -654 410 0
-646 -658 397 0
-646 -658 418 0
-646 -662 398 0
-646 -662 426 0
-646 -666 399 0
-646 -666 434 0
-646 -670 400 0
-646 -670 442 0
-650 -642 401 0
-650 -642 387 0
-650 -646 402 0
-650 -646 395 0
-650 -654 404 0
-650 -654 411 0
-650 -658 405 0
-650 -658 419 0
-650 -662 406 0
-650 -662 427 0
-650 -666 407 0
-650 -666 435 0
-650 -670 408 0
-650 -670 443 0
-654 -642 409 0
-654 -642 388 0
-654 -646 410 0
-654 -646 396 0
-654 -650 411 0
-654 -650 404 0
-654 -658 413 0
-654 -658 420 0
-654 -662 414 0
-654 -662 428 0
-654 -666 415 0
-654 -666 436 0
-654 -670 416 0
-654 -670 444 0
-658 -642 417 0
-658 -642 389 0
-658 -646 418 0
-658 -646 397 0
-658 -650 419 0
-658 -650 405 0
-658 -654 420 0
-658 -654 413 0
-658 -662 422 0
-658 -662 429 0
-658 -666 423 0
-658 -666 437 0
-658 -670 424 0
-658 -670 445 0
-662 -642 425 0
-662 -642 390 0
-662 -646 426 0
-662 -646 398 0
-662 -650 427 0
-662 -650 406 0
-662 -654 428 0
-662 -654 414 0
-662 -658 429 0
-662 -658 422 0
-662 -666 431 0
-662 -666 438 0
-662 -670 432 0
-662 -670 446 0
-666 -642 433 0
-666 -642 391 0
-666 -646 434 0
-666 -646 399 0
-666 -650 435 0
-666 -650 407 0
-666 -654 436 0
-666 -654 415 0
-666 -658 437 0
-666 -658 423 0
-666 -662 438 0
-666 -662 431 0
-666 -670 440 0
-666 -670 447 0
-670 -642 441 0
-670 -642 392 0
-670 -646 442 0
-670 -646 400 0
-670 -650 443 0
-670 -650 408 0
-670 -654 444 0
-670 -654 416 0
-670 -658 445 0
-670 -658 424 0
-670 -662 446 0
-670 -662 432 0
-670 -666 447 0
-670 -666 440 0
-643 -647 386 0
-643 -647 393 0
-643 -651 387 0
-643 -651 401 0
-643 -655 388 0
-643 -655 409 0
-643 -659 389 0
-643 -659 417 0
-643 -663 390 0
-643 -663 425 0
-643 -667 391 0
-643 -667 433 0
-643 -671 392 0
-643 -671 441 0
-647 -643 393 0
-647 -643 386 0
-647 -651 395 0
-647 -651 402 0
-647 -655 396 0
-647 -655 410 0
-647 -659 397 0
-647 -659 418 0
-647 -663 398 0
-647 -663 426 0
-647 -667 399 0
-647 -667 434 0
-647 -671 400 0
-647 -671 442 0
-651 -643 401 0
-651 -643 387 0
-651 -647 402 0
-651 -647 395 0
-651 -655 404 0
-651 -655 411 0
-651 -659 405 0
-651 -659 419 0
-651 -663 406 0
-651 -663 427 0
-651 -667 407 0
-651 -667 435 0
-651 -671 408 0
-651 -671 443 0
-655 -643 409 0
-655 -643 388 0
-655 -647 410 0
-655 -647 396 0
-655 -651 411 0
-655 -651 404 0
-655 -659 413 0
-655 -659 420 0
-655 -663 414 0
-655 -663 428 0
-655 -667 415 0
-655 -667 436 0
-655 -671 416 0
-655 -671 444 0
-659 -643 417 0
-659 -643 389 0
-659 -647 418 0
-659 -647 397 0
-659 -651 419 0
-659 -651 405 0
-659 -655 420 0
-659 -655 413 0
-659 -663 422 0
-659 -663 429 0
-659 -667 423 0
-659 -667 437 0
-659 -671 424 0
-659 -671 445 0
-663 -643 425 0
-663 -643 390 0
-663 -647 426 0
-663 -647 398 0
-663 -651 427 0
-663 -651 406 0
-663 -655 428 0
-663 -655 414 0
-663 -659 429 0
-663 -659 422 0
-663 -667 431 0
-663 -667 438 0
-663 -671 432 0
-663 -671 446 0
-667 -643 433 0
-667 -643 391 0
-667 -647 434 0
-667 -647 399 0
-667 -651 435 0
-667 -651 407 0
-667 -655 436 0
-667 -655 415 0
-667 -659 437 0
-667 -659 423 0
-667 -663 438 0
-667 -663 431 0
-667 -671 440 0
-667 -671 447 0
-671 -643 441 0
-671 -643 392 0
-671 -647 442 0
-671 -647 400 0
-671 -651 443 0
-671 -651 408 0
-671 -655 444 0
-671 -655 416 0
-671 -659 445 0
-671 -659 424 0
-671 -663 446 0
-671 -663 432 0
-671 -667 447 0
-671 -667 440 0
-644 -648 386 0
-644 -648 393 0
-644 -652 387 0
-644 -652 401 0
-644 -656 388 0
-644 -656 409 0
-644 -660 389 0
-644 -660 417 0
-644 -664 390 0
-644 -664 425 0
-644 -668 391 0
-644 -668 433 0
-644 -672 392 0
-644 -672 441 0
-648 -644 393 0
-648 -644 386 0
-648 -652 395 0
-648 -652 402 0
-648 -656 396 0
-648 -656 410 0
-648 -660 397 0
-648 -660 418 0
-648 -664 398 0
-648 -664 426 0
-648 -668 399 0
-648 -668 434 0
-648 -672 400 0
-648 -672 442 0
-652 -644 401 0
-652 -644 387 0
-652 -648 402 0
-652 -648 395 0
-652 -656 404 0
-652 -656 411 0
-652 -660 405 0
-652 -660 419 0
-652 -664 406 0
-652 -664 427 0
-652 -668 407 0
-652 -668 435 0
-652 -672 408 0
-652 -672 443 0
-656 -644 409 0
-656 -644 388 0
-656 -648 410 0
-656 -648 396 0
-656 -652 411 0
-656 -652 404 0
-656 -660 413 0
-656 -660 420 0
-656 -664 414 0
-656 -664 428 0
-656 -668 415 0
-656 -668 436 0
-656 -672 416 0
-656 -672 444 0
-660 -644 417 0
-660 -644 389 0
-660 -648 418 0
-660 -648 397 0
-660 -652 419 0
-660 -652 405 0
-660 -656 420 0
-660 -656 413 0
-660 -664 422 0
-660 -664 429 0
-660 -668 423 0
-660 -668 437 0
-660 -672 424 0
-660 -672 445 0
-664 -644 425 0
-664 -644 390 0
-664 -648 426 0
-664 -648 398 0
-664 -652 427 0
-664 -652 406 0
-664 -656 428 0
-664 -656 414 0
-664 -660 429 0
-664 -660 422 0
-664 -668 431 0
-664 -668 438 0
-664 -672 432 0
-664 -672 446 0
-668 -644 433 0
-668 -644 391 0
-668 -648 434 0
-668 -648 399 0
-668 -652 435 0
-668 -652 407 0
-668 -656 436 0
-668 -656 415 0
-668 -660 437 0
-668 -660 423 0
-668 -664 438 0
-668 -664 431 0
-668 -672 440 0
-668 -672 447 0
-672 -644 441 0
-672 -644 392 0
-672 -648 442 0
-672 -648 400 0
-672 -652 443 0
-672 -652 408 0
-672 -656 444 0
-672 -656 416 0
-672 -660 445 0
-672 -660 424 0
-672 -664 446 0
-672 -664 432 0
-672 -668 447 0
-672 -668 440 0