c
-2 -66 0
-2 -130 0
-2 -194 0
-2 -258 0
-2 -322 0
-2 -386 0
-66 -130 0
-66 -194 0
-66 -258 0
-66 -322 0
-66 -386 0
-130 -194 0
-130 -258 0
-130 -322 0
-130 -386 0
-194 -258 0
-194 -322 0
-194 -386 0
-258 -322 0
-258 -386 0
-322 -386 0
-3 -67 0
-3 -131 0
-3 -195 0
-3 -259 0
-3 -323 0
-3 -387 0
-67 -131 0
-67 -195 0
-67 -259 0
-67 -323 0
-67 -387 0
-131 -195 0
-131 -259 0
-131 -323 0
-131 -387 0
-195 -259 0
-195 -323 0
-195 -387 0
-259 -323 0
-259 -387 0
-323 -387 0
-4 -68 0
-4 -132 0
-4 -196 0
-4 -260 0
-4 -324 0
-4 -388 0
-68 -132 0
-68 -196 0
-68 -260 0
-68 -324 0
-68 -388 0
-132 -196 0
-132 -260 0
-132 -324 0
-132 -388 0
-196 -260 0
-196 -324 0
-196 -388 0
-260 -324 0
-260 -388 0
-324 -388 0
-5 -69 0
-5 -133 0
-5 -197 0
-5 -261 0
-5 -325 0
-5 -389 0
-69 -133 0
-69 -197 0
-69 -261 0
-69 -325 0
-69 -389 0
-133 -197 0
-133 -261 0
-133 -325 0
-133 -389 0
-197 -261 0
-197 -325 0
-197 -389 0
-261 -325 0
-261 -389 0
-325 -389 0
-6 -70 0
-6 -134 0
-6 -198 0
-6 -262 0
-6 -326 0
-6 -390 0
-70 -134 0
-70 -198 0
-70 -262 0
-70 -326 0
-70 -390 0
-134 -198 0
-134 -262 0
-134 -326 0
-134 -390 0
-198 -262 0
-198 -326 0
-198 -390 0
-262 -326 0
-262 -390 0
-326 -390 0
-7 -71 0
-7 -135 0
-7 -199 0
-7 -263 0
-7 -327 0
-7 -391 0
-71 -135 0
-71 -199 0
-71 -263 0
-71 -327 0
-71 -391 0
-135 -199 0
-135 -263 0
-135 -327 0
-135 -391 0
-199 -263 0
-199 -327 0
-199 -391 0
-263 -327 0
-263 -391 0
-327 -391 0
-8 -72 0
-8 -136 0
-8 -200 0
-8 -264 0
-8 -328 0
-8 -392 0
-72 -136 0
-72 -200 0
-72 -264 0
-72 -328 0
-72 -392 0
-136 -200 0
-136 -264 0
-136 -328 0
-136 -392 0
-200 -264 0
-200 -328 0
-200 -392 0
-264 -328 0
-264 -392 0
-328 -392 0
-9 -73 0
-9 -137 0
-9 -201 0
-9 -265 0
-9 -329 0
-9 -393 0
-73 -137 0
-73 -201 0
-73 -265 0
-73 -329 0
-73 -393 0
-137 -201 0
-137 -265 0
-137 -329 0
-137 -393 0
-201 -265 0
-201 -329 0
-201 -393 0
-265 -329 0
-265 -393 0
-329 -393 0
-11 -75 0
-11 -139 0
-11 -203 0
-11 -267 0
-11 -331 0
-11 -395 0
-75 -139 0
-75 -203 0
-75 -267 0
-75 -331 0
-75 -395 0
-139 -203 0
-139 -267 0
-139 -331 0
-139 -395 0
-203 -267 0
-203 -331 0
-203 -395 0
-267 -331 0
-267 -395 0
-331 -395 0
-12 -76 0
-12 -140 0
-12 -204 0
-12 -268 0
-12 -332 0
-12 -396 0
-76 -140 0
-76 -204 0
-76 -268 0
-76 -332 0
-76 -396 0
-140 -204 0
-140 -268 0
-140 -332 0
-140 -396 0
-204 -268 0
-204 -332 0
-204 -396 0
-268 -332 0
-268 -396 0
-332 -396 0
-13 -77 0
-13 -141 0
-13 -205 0
-13 -269 0
-13 -333 0
-13 -397 0
-77 -141 0
-77 -205 0
-77 -269 0
-77 -333 0
-77 -397 0
-141 -205 0
-141 -269 0
-141 -333 0
-141 -397 0
-205 -269 0
-205 -333 0
-205 -397 0
-269 -333 0
-269 -397 0
-333 -397 0
-14 -78 0
-14 -142 0
-14 -206 0
-14 -270 0
-14 -334 0
-14 -398 0
-78 -142 0
-78 -206 0
-78 -270 0
-78 -334 0
-78 -398 0
-142 -206 0
-142 -270 0
-142 -334 0
-142 -398 0
-206 -270 0
-206 -334 0
-206 -398 0
-270 -334 0
-270 -398 0
-334 -398 0
-15 -79 0
-15 -143 0
-15 -207 0
-15 -271 0
-15 -335 0
-15 -399 0
-79 -143 0
-79 -207 0
-79 -271 0
-79 -335 0
-79 -399 0
-143 -207 0
-143 -271 0
-143 -335 0
-143 -399 0
-207 -271 0
-207 -335 0
-207 -399 0
-271 -335 0
-271 -399 0
-335 -399 0
-16 -80 0
-16 -144 0
-16 -208 0
-16 -272 0
-16 -336 0
-16 -400 0
-80 -144 0
-80 -208 0
-80 -272 0
-80 -336 0
-80 -400 0
-144 -208 0
-144 -272 0
-144 -336 0
-144 -400 0
-208 -272 0
-208 -336 0
-208 -400 0
-272 -336 0
-272 -400 0
-336 -400 0
-17 -81 0
-17 -145 0
-17 -209 0
-17 -273 0
-17 -337 0
-17 -401 0
-81 -145 0
-81 -209 0
-81 -273 0
-81 -337 0
-81 -401 0
-145 -209 0
-145 -273 0
-145 -337 0
-145 -401 0
-209 -273 0
-209 -337 0
-209 -401 0
-273 -337 0
-273 -401 0
-337 -401 0
-18 -82 0
-18 -146 0
-18 -210 0
-18 -274 0
-18 -338 0
-18 -402 0
-82 -146 0
-82 -210 0
-82 -274 0
-82 -338 0
-82 -402 0
-146 -210 0
-146 -274 0
-146 -338 0
-146 -402 0
-210 -274 0
-210 -338 0
-210 -402 0
-274 -338 0
-274 -402 0
-338 -402 0
-20 -84 0
-20 -148 0
-20 -212 0
-20 -276 0
-20 -340 0
-20 -404 0
-84 -148 0
-84 -212 0
-84 -276 0
-84 -340 0
-84 -404 0
-148 -212 0
-148 -276 0
-148 -340 0
-148 -404 0
-212 -276 0
-212 -340 0
-212 -404 0
-276 -340 0
-276 -404 0
-340 -404 0
-21 -85 0
-21 -149 0
-21 -213 0
-21 -277 0
-21 -341 0
-21 -405 0
-85 -149 0
-85 -213 0
-85 -277 0
-85 -341 0
-85 -405 0
-149 -213 0
-149 -277 0
-149 -341 0
-149 -405 0
-213 -277 0
-213 -341 0
-213 -405 0
-277 -341 0
-277 -405 0
-341 -405 0
-22 -86 0
-22 -150 0
-22 -214 0
-22 -278 0
-22 -342 0
-22 -406 0
-86 -150 0
-86 -214 0
-86 -278 0
-86 -342 0
-86 -406 0
-150 -214 0
-150 -278 0
-150 -342 0
-150 -406 0
-214 -278 0
-214 -342 0
-214 -406 0
-278 -342 0
-278 -406 0
-342 -406 0
-23 -87 0
-23 -151 0
-23 -215 0
-23 -279 0
-23 -343 0
-23 -407 0
-87 -151 0
-87 -215 0
-87 -279 0
-87 -343 0
-87 -407 0
-151 -215 0
-151 -279 0
-151 -343 0
-151 -407 0
-215 -279 0
-215 -343 0
-215 -407 0
-279 -343 0
-279 -407 0
-343 -407 0
-24 -88 0
-24 -152 0
-24 -216 0
-24 -280 0
-24 -344 0
-24 -408 0
-88 -152 0
-88 -216 0
-88 -280 0
-88 -344 0
-88 -408 0
-152 -216 0
-152 -280 0
-152 -344 0
-152 -408 0
-216 -280 0
-216 -344 0
-216 -408 0
-280 -344 0
-280 -408 0
-344 -408 0
-25 -89 0
-25 -153 0
-25 -217 0
-25 -281 0
-25 -345 0
-25 -409 0
-89 -153 0
-89 -217 0
-89 -281 0
-89 -345 0
-89 -409 0
-153 -217 0
-153 -281 0
-153 -345 0
-153 -409 0
-217 -281 0
-217 -345 0
-217 -409 0
-281 -345 0
-281 -409 0
-345 -409 0
-26 -90 0
-26 -154 0
-26 -218 0
-26 -282 0
-26 -346 0
-26 -410 0
-90 -154 0
-90 -218 0
-90 -282 0
-90 -346 0
-90 -410 0
-154 -218 0
-154 -282 0
-154 -346 0
-154 -410 0
-218 -282 0
-218 -346 0
-218 -410 0
-282 -346 0
-282 -410 0
-346 -410 0
-27 -91 0
-27 -155 0
-27 -219 0
-27 -283 0
-27 -347 0
-27 -411 0
-91 -155 0
-91 -219 0
-91 -283 0
-91 -347 0
-91 -411 0
-155 -219 0
-155 -283 0
-155 -347 0
-155 -411 0
-219 -283 0
-219 -347 0
-219 -411 0
-283 -347 0
-283 -411 0
-347 -411 0
-29 -93 0
-29 -157 0
-29 -221 0
-29 -285 0
-29 -349 0
-29 -413 0
-93 -157 0
-93 -221 0
-93 -285 0
-93 -349 0
-93 -413 0
-157 -221 0
-157 -285 0
-157 -349 0
-157 -413 0
-221 -285 0
-221 -349 0
-221 -413 0
-285 -349 0
-285 -413 0
-349 -413 0
-30 -94 0
-30 -158 0
-30 -222 0
-30 -286 0
-30 -350 0
-30 -414 0
-94 -158 0
-94 -222 0
-94 -286 0
-94 -350 0
-94 -414 0
-158 -222 0
-158 -286 0
-158 -350 0
-158 -414 0
-222 -286 0
-222 -350 0
-222 -414 0
-286 -350 0
-286 -414 0
-350 -414 0
-31 -95 0
-31 -159 0
-31 -223 0
-31 -287 0
-31 -351 0
-31 -415 0
-95 -159 0
-95 -223 0
-95 -287 0
-95 -351 0
-95 -415 0
-159 -223 0
-159 -287 0
-159 -351 0
-159 -415 0
-223 -287 0
-223 -351 0
-223 -415 0
-287 -351 0
-287 -415 0
-351 -415 0
-32 -96 0
-32 -160 0
-32 -224 0
-32 -288 0
-32 -352 0
-32 -416 0
-96 -160 0
-96 -224 0
-96 -288 0
-96 -352 0
-96 -416 0
-160 -224 0
-160 -288 0
-160 -352 0
-160 -416 0
-224 -288 0
-224 -352 0
-224 -416 0
-288 -352 0
-288 -416 0
-352 -416 0
-33 -97 0
-33 -161 0
-33 -225 0
-33 -289 0
-33 -353 0
-33 -417 0
-97 -161 0
-97 -225 0
-97 -289 0
-97 -353 0
-97 -417 0
-161 -225 0
-161 -289 0
-161 -353 0
-161 -417 0
-225 -289 0
-225 -353 0
-225 -417 0
-289 -353 0
-289 -417 0
-353 -417 0
-34 -98 0
-34 -162 0
-34 -226 0
-34 -290 0
-34 -354 0
-34 -418 0
-98 -162 0
-98 -226 0
-98 -290 0
-98 -354 0
-98 -418 0
-162 -226 0
-162 -290 0
-162 -354 0
-162 -418 0
-226 -290 0
-226 -354 0
-226 -418 0
-290 -354 0
-290 -418 0
-354 -418 0
-35 -99 0
-35 -163 0
-35 -227 0
-35 -291 0
-35 -355 0
-35 -419 0
-99 -163 0
-99 -227 0
-99 -291 0
-99 -355 0
-99 -419 0
-163 -227 0
-163 -291 0
-163 -355 0
-163 -419 0
-227 -291 0
-227 -355 0
-227 -419 0
-291 -355 0
-291 -419 0
-355 -419 0
-36 -100 0
-36 -164 0
-36 -228 0
-36 -292 0
-36 -356 0
-36 -420 0
-100 -164 0
-100 -228 0
-100 -292 0
-100 -356 0
-100 -420 0
-164 -228 0
-164 -292 0
-164 -356 0
-164 -420 0
-228 -292 0
-228 -356 0
-228 -420 0
-292 -356 0
-292 -420 0
-356 -420 0
-38 -102 0
-38 -166 0
-38 -230 0
-38 -294 0
-38 -358 0
-38 -422 0
-102 -166 0
-102 -230 0
-102 -294 0
-102 -358 0
-102 -422 0
-166 -230 0
-166 -294 0
-166 -358 0
-166 -422 0
-230 -294 0
-230 -358 0
-230 -422 0
-294 -358 0
-294 -422 0
-358 -422 0
-39 -103 0
-39 -167 0
-39 -231 0
-39 -295 0
-39 -359 0
-39 -423 0
-103 -167 0
-103 -231 0
-103 -295 0
-103 -359 0
-103 -423 0
-167 -231 0
-167 -295 0
-167 -359 0
-167 -423 0
-231 -295 0
-231 -359 0
-231 -423 0
-295 -359 0
-295 -423 0
-359 -423 0
-40 -104 0
-40 -168 0
-40 -232 0
-40 -296 0
-40 -360 0
-40 -424 0
-104 -168 0
-104 -232 0
-104 -296 0
-104 -360 0
-104 -424 0
-168 -232 0
-168 -296 0
-168 -360 0
-168 -424 0
-232 -296 0
-232 -360 0
-232 -424 0
-296 -360 0
-296 -424 0
-360 -424 0
-41 -105 0
-41 -169 0
-41 -233 0
-41 -297 0
-41 -361 0
-41 -425 0
-105 -169 0
-105 -233 0
-105 -297 0
-105 -361 0
-105 -425 0
-169 -233 0
-169 -297 0
-169 -361 0
-169 -425 0
-233 -297 0
-233 -361 0
-233 -425 0
-297 -361 0
-297 -425 0
-361 -425 0
-42 -106 0
-42 -170 0
-42 -234 0
-42 -298 0
-42 -362 0
-42 -426 0
-106 -170 0
-106 -234 0
-106 -298 0
-106 -362 0
-106 -426 0
-170 -234 0
-170 -298 0
-170 -362 0
-170 -426 0
-234 -298 0
-234 -362 0
-234 -426 0
-298 -362 0
-298 -426 0
-362 -426 0
-43 -107 0
-43 -171 0
-43 -235 0
-43 -299 0
-43 -363 0
-43 -427 0
-107 -171 0
-107 -235 0
-107 -299 0
-107 -363 0
-107 -427 0
-171 -235 0
-171 -299 0
-171 -363 0
-171 -427 0
-235 -299 0
-235 -363 0
-235 -427 0
-299 -363 0
-299 -427 0
-363 -427 0
-44 -108 0
-44 -172 0
-44 -236 0
-44 -300 0
-44 -364 0
-44 -428 0
-108 -172 0
-108 -236 0
-108 -300 0
-108 -364 0
-108 -428 0
-172 -236 0
-172 -300 0
-172 -364 0
-172 -428 0
-236 -300 0
-236 -364 0
-236 -428 0
-300 -364 0
-300 -428 0
-364 -428 0
-45 -109 0
-45 -173 0
-45 -237 0
-45 -301 0
-45 -365 0
-45 -429 0
-109 -173 0
-109 -237 0
-109 -301 0
-109 -365 0
-109 -429 0
-173 -237 0
-173 -301 0
-173 -365 0
-173 -429 0
-237 -301 0
-237 -365 0
-237 -429 0
-301 -365 0
-301 -429 0
-365 -429 0
-47 -111 0
-47 -175 0
-47 -239 0
-47 -303 0
-47 -367 0
-47 -431 0
-111 -175 0
-111 -239 0
-111 -303 0
-111 -367 0
-111 -431 0
-175 -239 0
-175 -303 0
-175 -367 0
-175 -431 0
-239 -303 0
-239 -367 0
-239 -431 0
-303 -367 0
-303 -431 0
-367 -431 0
-48 -112 0
-48 -176 0
-48 -240 0
-48 -304 0
-48 -368 0
-48 -432 0
-112 -176 0
-112 -240 0
-112 -304 0
-112 -368 0
-112 -432 0
-176 -240 0
-176 -304 0
-176 -368 0
-176 -432 0
-240 -304 0
-240 -368 0
-240 -432 0
-304 -368 0
-304 -432 0
-368 -432 0
-49 -113 0
-49 -177 0
-49 -241 0
-49 -305 0
-49 -369 0
-49 -433 0
-113 -177 0
-113 -241 0
-113 -305 0
-113 -369 0
-113 -433 0
-177 -241 0
-177 -305 0
-177 -369 0
-177 -433 0
-241 -305 0
-241 -369 0
-241 -433 0
-305 -369 0
-305 -433 0
-369 -433 0
-50 -114 0
-50 -178 0
-50 -242 0
-50 -306 0
-50 -370 0
-50 -434 0
-114 -178 0
-114 -242 0
-114 -306 0
-114 -370 0
-114 -434 0
-178 -242 0
-178 -306 0
-178 -370 0
-178 -434 0
-242 -306 0
-242 -370 0
-242 -434 0
-306 -370 0
-306 -434 0
-370 -434 0
-51 -115 0
-51 -179 0
-51 -243 0
-51 -307 0
-51 -371 0
-51 -435 0
-115 -179 0
-115 -243 0
-115 -307 0
-115 -371 0
-115 -435 0
-179 -243 0
-179 -307 0
-179 -371 0
-179 -435 0
-243 -307 0
-243 -371 0
-243 -435 0
-307 -371 0
-307 -435 0
-371 -435 0
-52 -116 0
-52 -180 0
-52 -244 0
-52 -308 0
-52 -372 0
-52 -436 0
-116 -180 0
-116 -244 0
-116 -308 0
-116 -372 0
-116 -436 0
-180 -244 0
-180 -308 0
-180 -372 0
-180 -436 0
-244 -308 0
-244 -372 0
-244 -436 0
-308 -372 0
-308 -436 0
-372 -436 0
-53 -117 0
-53 -181 0
-53 -245 0
-53 -309 0
-53 -373 0
-53 -437 0
-117 -181 0
-117 -245 0
-117 -309 0
-117 -373 0
-117 -437 0
-181 -245 0
-181 -309 0
-181 -373 0
-181 -437 0
-245 -309 0
-245 -373 0
-245 -437 0
-309 -373 0
-309 -437 0
-373 -437 0
-54 -118 0
-54 -182 0
-54 -246 0
-54 -310 0
-54 -374 0
-54 -438 0
-118 -182 0
-118 -246 0
-118 -310 0
-118 -374 0
-118 -438 0
-182 -246 0
-182 -310 0
-182 -374 0
-182 -438 0
-246 -310 0
-246 -374 0
-246 -438 0
-310 -374 0
-310 -438 0
-374 -438 0
-56 -120 0
-56 -184 0
-56 -248 0
-56 -312 0
-56 -376 0
-56 -440 0
-120 -184 0
-120 -248 0
-120 -312 0
-120 -376 0
-120 -440 0
-184 -248 0
-184 -312 0
-184 -376 0
-184 -440 0
-248 -312 0
-248 -376 0
-248 -440 0
-312 -376 0
-312 -440 0
-376 -440 0
-57 -121 0
-57 -185 0
-57 -249 0
-57 -313 0
-57 -377 0
-57 -441 0
-121 -185 0
-121 -249 0
-121 -313 0
-121 -377 0
-121 -441 0
-185 -249 0
-185 -313 0
-185 -377 0
-185 -441 0
-249 -313 0
-249 -377 0
-249 -441 0
-313 -377 0
-313 -441 0
-377 -441 0
-58 -122 0
-58 -186 0
-58 -250 0
-58 -314 0
-58 -378 0
-58 -442 0
-122 -186 0
-122 -250 0
-122 -314 0
-122 -378 0
-122 -442 0
-186 -250 0
-186 -314 0
-186 -378 0
-186 -442 0
-250 -314 0
-250 -378 0
-250 -442 0
-314 -378 0
-314 -442 0
-378 -442 0
-59 -123 0
-59 -187 0
-59 -251 0
-59 -315 0
-59 -379 0
-59 -443 0
-123 -187 0
-123 -251 0
-123 -315 0
-123 -379 0
-123 -443 0
-187 -251 0
-187 -315 0
-187 -379 0
-187 -443 0
-251 -315 0
-251 -379 0
-251 -443 0
-315 -379 0
-315 -443 0
-379 -443 0
-60 -124 0
-60 -188 0
-60 -252 0
-60 -316 0
-60 -380 0
-60 -444 0
-124 -188 0
-124 -252 0
-124 -316 0
-124 -380 0
-124 -444 0
-188 -252 0
-188 -316 0
-188 -380 0
-188 -444 0
-252 -316 0
-252 -380 0
-252 -444 0
-316 -380 0
-316 -444 0
-380 -444 0
-61 -125 0
-61 -189 0
-61 -253 0
-61 -317 0
-61 -381 0
-61 -445 0
-125 -189 0
-125 -253 0
-125 -317 0
-125 -381 0
-125 -445 0
-189 -253 0
-189 -317 0
-189 -381 0
-189 -445 0
-253 -317 0
-253 -381 0
-253 -445 0
-317 -381 0
-317 -445 0
-381 -445 0
-62 -126 0
-62 -190 0
-62 -254 0
-62 -318 0
-62 -382 0
-62 -446 0
-126 -190 0
-126 -254 0
-126 -318 0
-126 -382 0
-126 -446 0
-190 -254 0
-190 -318 0
-190 -382 0
-190 -446 0
-254 -318 0
-254 -382 0
-254 -446 0
-318 -382 0
-318 -446 0
-382 -446 0
-63 -127 0
-63 -191 0
-63 -255 0
-63 -319 0
-63 -383 0
-63 -447 0
-127 -191 0
-127 -255 0
-127 -319 0
-127 -383 0
-127 -447 0
-191 -255 0
-191 -319 0
-191 -383 0
-191 -447 0
-255 -319 0
-255 -383 0
-255 -447 0
-319 -383 0
-319 -447 0
-383 -447 0
-449 673 0
-674 0
-453 675 0
-673 675 0
-453 -673 676 0
-674 676 0
-453 -674 0
-457 677 0
-675 677 0
-457 -675 678 0
-676 678 0
-457 -676 0
-461 679 0
-677 679 0
-461 -677 680 0
-678 680 0
-461 -678 0
-465 681 0
-679 681 0
-465 -679 682 0
-680 682 0
-465 -680 0
-469 683 0
-681 683 0
-469 -681 684 0
-682 684 0
-469 -682 0
-473 685 0
-683 685 0
-473 -683 686 0
-684 686 0
-473 -684 0
-477 -687 0
449 688 0
-689 0
-690 0
-691 0
-692 0
-693 0
453 694 0
-688 694 0
453 -688 695 0
-689 695 0
453 -689 696 0
-690 696 0
453 -690 697 0
-691 697 0
453 -691 698 0
-692 698 0
453 -692 699 0
-693 699 0
453 -693 0
457 700 0
-694 700 0
457 -694 701 0
-695 701 0
457 -695 702 0
-696 702 0
457 -696 703 0
-697 703 0
457 -697 704 0
-698 704 0
457 -698 705 0
-699 705 0
457 -699 0
461 706 0
-700 706 0
461 -700 707 0
-701 707 0
461 -701 708 0
-702 708 0
461 -702 709 0
-703 709 0
461 -703 710 0
-704 710 0
461 -704 711 0
-705 711 0
461 -705 0
465 712 0
-706 712 0
465 -706 713 0
-707 713 0
465 -707 714 0
-708 714 0
465 -708 715 0
-709 715 0
465 -709 716 0
-710 716 0
465 -710 717 0
-711 717 0
465 -711 0
469 718 0
-712 718 0
469 -712 719 0
-713 719 0
469 -713 720 0
-714 720 0
469 -714 721 0
-715 721 0
469 -715 722 0
-716 722 0
469 -716 723 0
-717 723 0
469 -717 0
473 724 0
-718 724 0
473 -718 725 0
-719 725 0
473 -719 726 0
-720 726 0
473 -720 727 0
-721 727 0
473 -721 728 0
-722 728 0
473 -722 729 0
-723 729 0
473 -723 0
477 -730 0
-450 731 0
-732 0
-454 733 0
-731 733 0
-454 -731 734 0
-732 734 0
-454 -732 0
-458 735 0
-733 735 0
-458 -733 736 0
-734 736 0
-458 -734 0
-462 737 0
-735 737 0
-462 -735 738 0
-736 738 0
-462 -736 0
-466 739 0
-737 739 0
-466 -737 740 0
-738 740 0
-466 -738 0
-470 741 0
-739 741 0
-470 -739 742 0
-740 742 0
-470 -740 0
-474 743 0
-741 743 0
-474 -741 744 0
-742 744 0
-474 -742 0
-478 -745 0
450 746 0
-747 0
-748 0
-749 0
-750 0
-751 0
454 752 0
-746 752 0
454 -746 753 0
-747 753 0
454 -747 754 0
-748 754 0
454 -748 755 0
-749 755 0
454 -749 756 0
-750 756 0
454 -750 757 0
-751 757 0
454 -751 0
458 758 0
-752 758 0
458 -752 759 0
-753 759 0
458 -753 760 0
-754 760 0
458 -754 761 0
-755 761 0
458 -755 762 0
-756 762 0
458 -756 763 0
-757 763 0
458 -757 0
462 764 0
-758 764 0
462 -758 765 0
-759 765 0
462 -759 766 0
-760 766 0
462 -760 767 0
-761 767 0
462 -761 768 0
-762 768 0
462 -762 769 0
-763 769 0
462 -763 0
466 770 0
-764 770 0
466 -764 771 0
-765 771 0
466 -765 772 0
-766 772 0
466 -766 773 0
-767 773 0
466 -767 774 0
-768 774 0
466 -768 775 0
-769 775 0
466 -769 0
470 776 0
-770 776 0
470 -770 777 0
-771 777 0
470 -771 778 0
-772 778 0
470 -772 779 0
-773 779 0
470 -773 780 0
-774 780 0
470 -774 781 0
-775 781 0
470 -775 0
474 782 0
-776 782 0
474 -776 783 0
-777 783 0
474 -777 784 0
-778 784 0
474 -778 785 0
-779 785 0
474 -779 786 0
-780 786 0
474 -780 787 0
-781 787 0
474 -781 0
478 -788 0
-451 789 0
-790 0
-455 791 0
-789 791 0
-455 -789 792 0
-790 792 0
-455 -790 0
-459 793 0
-791 793 0
-459 -791 794 0
-792 794 0
-459 -792 0
-463 795 0
-793 795 0
-463 -793 796 0
-794 796 0
-463 -794 0
-467 797 0
-795 797 0
-467 -795 798 0
-796 798 0
-467 -796 0
-471 799 0
-797 799 0
-471 -797 800 0
-798 800 0
-471 -798 0
-475 801 0
-799 801 0
-475 -799 802 0
-800 802 0
-475 -800 0
-479 -803 0
451 804 0
-805 0
-806 0
-807 0
-808 0
-809 0
455 810 0
-804 810 0
455 -804 811 0
-805 811 0
455 -805 812 0
-806 812 0
455 -806 813 0
-807 813 0
455 -807 814 0
-808 814 0
455 -808 815 0
-809 815 0
455 -809 0
459 816 0
-810 816 0
459 -810 817 0
-811 817 0
459 -811 818 0
-812 818 0
459 -812 819 0
-813 819 0
459 -813 820 0
-814 820 0
459 -814 821 0
-815 821 0
459 -815 0
463 822 0
-816 822 0
463 -816 823 0
-817 823 0
463 -817 824 0
-818 824 0
463 -818 825 0
-819 825 0
463 -819 826 0
-820 826 0
463 -820 827 0
-821 827 0
463 -821 0
467 828 0
-822 828 0
467 -822 829 0
-823 829 0
467 -823 830 0
-824 830 0
467 -824 831 0
-825 831 0
467 -825 832 0
-826 832 0
467 -826 833 0
-827 833 0
467 -827 0
471 834 0
-828 834 0
471 -828 835 0
-829 835 0
471 -829 836 0
-830 836 0
471 -830 837 0
-831 837 0
471 -831 838 0
-832 838 0
471 -832 839 0
-833 839 0
471 -833 0
475 840 0
-834 840 0
475 -834 841 0
-835 841 0
475 -835 842 0
-836 842 0
475 -836 843 0
-837 843 0
475 -837 844 0
-838 844 0
475 -838 845 0
-839 845 0
475 -839 0
479 -846 0
-452 847 0
-848 0
-456 849 0
-847 849 0
-456 -847 850 0
-848 850 0
-456 -848 0
-460 851 0
-849 851 0
-460 -849 852 0
-850 852 0
-460 -850 0
-464 853 0
-851 853 0
-464 -851 854 0
-852 854 0
-464 -852 0
-468 855 0
-853 855 0
-468 -853 856 0
-854 856 0
-468 -854 0
-472 857 0
-855 857 0
-472 -855 858 0
-856 858 0
-472 -856 0
-476 859 0
-857 859 0
-476 -857 860 0
-858 860 0
-476 -858 0
-480 -861 0
452 862 0
-863 0
-864 0
-865 0
-866 0
-867 0
456 868 0
-862 868 0
456 -862 869 0
-863 869 0
456 -863 870 0
-864 870 0
456 -864 871 0
-865 871 0
456 -865 872 0
-866 872 0
456 -866 873 0
-867 873 0
456 -867 0
460 874 0
-868 874 0
460 -868 875 0
-869 875 0
460 -869 876 0
-870 876 0
460 -870 877 0
-871 877 0
460 -871 878 0
-872 878 0
460 -872 879 0
-873 879 0
460 -873 0
464 880 0
-874 880 0
464 -874 881 0
-875 881 0
464 -875 882 0
-876 882 0
464 -876 883 0
-877 883 0
464 -877 884 0
-878 884 0
464 -878 885 0
-879 885 0
464 -879 0
468 886 0
-880 886 0
468 -880 887 0
-881 887 0
468 -881 888 0
-882 888 0
468 -882 889 0
-883 889 0
468 -883 890 0
-884 890 0
468 -884 891 0
-885 891 0
468 -885 0
472 892 0
-886 892 0
472 -886 893 0
-887 893 0
472 -887 894 0
-888 894 0
472 -888 895 0
-889 895 0
472 -889 896 0
-890 896 0
472 -890 897 0
-891 897 0
472 -891 0
476 898 0
-892 898 0
476 -892 899 0
-893 899 0
476 -893 900 0
-894 900 0
476 -894 901 0
-895 901 0
476 -895 902 0
-896 902 0
476 -896 903 0
-897 903 0
476 -897 0
480 -904 0
-481 905 0
-906 0
-485 907 0
-905 907 0
-485 -905 908 0
-906 908 0
-485 -906 0
-489 909 0
-907 909 0
-489 -907 910 0
-908 910 0
-489 -908 0
-493 911 0
-909 911 0
-493 -909 912 0
-910 912 0
-493 -910 0
-497 913 0
-911 913 0
-497 -911 914 0
-912 914 0
-497 -912 0
-501 915 0
-913 915 0
-501 -913 916 0
-914 916 0
-501 -914 0
-505 917 0
-915 917 0
-505 -915 918 0
-916 918 0
-505 -916 0
-509 -919 0
481 920 0
-921 0
-922 0
-923 0
-924 0
-925 0
485 926 0
-920 926 0
485 -920 927 0
-921 927 0
485 -921 928 0
-922 928 0
485 -922 929 0
-923 929 0
485 -923 930 0
-924 930 0
485 -924 931 0
-925 931 0
485 -925 0
489 932 0
-926 932 0
489 -926 933 0
-927 933 0
489 -927 934 0
-928 934 0
489 -928 935 0
-929 935 0
489 -929 936 0
-930 936 0
489 -930 937 0
-931 937 0
489 -931 0
493 938 0
-932 938 0
493 -932 939 0
-933 939 0
493 -933 940 0
-934 940 0
493 -934 941 0
-935 941 0
493 -935 942 0
-936 942 0
493 -936 943 0
-937 943 0
493 -937 0
497 944 0
-938 944 0
497 -938 945 0
-939 945 0
497 -939 946 0
-940 946 0
497 -940 947 0
-941 947 0
497 -941 948 0
-942 948 0
497 -942 949 0
-943 949 0
497 -943 0
501 950 0
-944 950 0
501 -944 951 0
-945 951 0
501 -945 952 0
-946 952 0
501 -946 953 0
-947 953 0
501 -947 954 0
-948 954 0
501 -948 955 0
-949 955 0
501 -949 0
505 956 0
-950 956 0
505 -950 957 0
-951 957 0
505 -951 958 0
-952 958 0
505 -952 959 0
-953 959 0
505 -953 960 0
-954 960 0
505 -954 961 0
-955 961 0
505 -955 0
509 -962 0
-482 963 0
-964 0
-486 965 0
-963 965 0
-486 -963 966 0
-964 966 0
-486 -964 0
-490 967 0
-965 967 0
-490 -965 968 0
-966 968 0
-490 -966 0
-494 969 0
-967 969 0
-494 -967 970 0
-968 970 0
-494 -968 0
-498 971 0
-969 971 0
-498 -969 972 0
-970 972 0
-498 -970 0
-502 973 0
-971 973 0
-502 -971 974 0
-972 974 0
-502 -972 0
-506 975 0
-973 975 0
-506 -973 976 0
-974 976 0
-506 -974 0
-510 -977 0
482 978 0
-979 0
-980 0
-981 0
-982 0
-983 0
486 984 0
-978 984 0
486 -978 985 0
-979 985 0
486 -979 986 0
-980 986 0
486 -980 987 0
-981 987 0
486 -981 988 0
-982 988 0
486 -982 989 0
-983 989 0
486 -983 0
490 990 0
-984 990 0
490 -984 991 0
-985 991 0
490 -985 992 0
-986 992 0
490 -986 993 0
-987 993 0
490 -987 994 0
-988 994 0
490 -988 995 0
-989 995 0
490 -989 0
494 996 0
-990 996 0
494 -990 997 0
-991 997 0
494 -991 998 0
-992 998 0
494 -992 999 0
-993 999 0
494 -993 1000 0
-994 1000 0
494 -994 1001 0
-995 1001 0
494 -995 0
498 1002 0
-996 1002 0
498 -996 1003 0
-997 1003 0
498 -997 1004 0
-998 1004 0
498 -998 1005 0
-999 1005 0
498 -999 1006 0
-1000 1006 0
498 -1000 1007 0
-1001 1007 0
498 -1001 0
502 1008 0
-1002 1008 0
502 -1002 1009 0
-1003 1009 0
502 -1003 1010 0
-1004 1010 0
502 -1004 1011 0
-1005 1011 0
502 -1005 1012 0
-1006 1012 0
502 -1006 1013 0
-1007 1013 0
502 -1007 0
506 1014 0
-1008 1014 0
506 -1008 1015 0
-1009 1015 0
506 -1009 1016 0
-1010 1016 0
506 -1010 1017 0
-1011 1017 0
506 -1011 1018 0
-1012 1018 0
506 -1012 1019 0
-1013 1019 0
506 -1013 0
510 -1020 0
-483 1021 0
-1022 0
-487 1023 0
-1021 1023 0
-487 -1021 1024 0
-1022 1024 0
-487 -1022 0
-491 1025 0
-1023 1025 0
-491 -1023 1026 0
-1024 1026 0
-491 -1024 0
-495 1027 0
-1025 1027 0
-495 -1025 1028 0
-1026 1028 0
-495 -1026 0
-499 1029 0
-1027 1029 0
-499 -1027 1030 0
-1028 1030 0
-499 -1028 0
-503 1031 0
-1029 1031 0
-503 -1029 1032 0
-1030 1032 0
-503 -1030 0
-507 1033 0
-1031 1033 0
-507 -1031 1034 0
-1032 1034 0
-507 -1032 0
-511 -1035 0
483 1036 0
-1037 0
-1038 0
-1039 0
-1040 0
-1041 0
487 1042 0
-1036 1042 0
487 -1036 1043 0
-1037 1043 0
487 -1037 1044 0
-1038 1044 0
487 -1038 1045 0
-1039 1045 0
487 -1039 1046 0
-1040 1046 0
487 -1040 1047 0
-1041 1047 0
487 -1041 0
491 1048 0
-1042 1048 0
491 -1042 1049 0
-1043 1049 0
491 -1043 1050 0
-1044 1050 0
491 -1044 1051 0
-1045 1051 0
491 -1045 1052 0
-1046 1052 0
491 -1046 1053 0
-1047 1053 0
491 -1047 0
495 1054 0
-1048 1054 0
495 -1048 1055 0
-1049 1055 0
495 -1049 1056 0
-1050 1056 0
495 -1050 1057 0
-1051 1057 0
495 -1051 1058 0
-1052 1058 0
495 -1052 1059 0
-1053 1059 0
495 -1053 0
499 1060 0
-1054 1060 0
499 -1054 1061 0
-1055 1061 0
499 -1055 1062 0
-1056 1062 0
499 -1056 1063 0
-1057 1063 0
499 -1057 1064 0
-1058 1064 0
499 -1058 1065 0
-1059 1065 0
499 -1059 0
503 1066 0
-1060 1066 0
503 -1060 1067 0
-1061 1067 0
503 -1061 1068 0
-1062 1068 0
503 -1062 1069 0
-1063 1069 0
503 -1063 1070 0
-1064 1070 0
503 -1064 1071 0
-1065 1071 0
503 -1065 0
507 1072 0
-1066 1072 0
507 -1066 1073 0
-1067 1073 0
507 -1067 1074 0
-1068 1074 0
507 -1068 1075 0
-1069 1075 0
507 -1069 1076 0
-1070 1076 0
507 -1070 1077 0
-1071 1077 0
507 -1071 0
511 -1078 0
-484 1079 0
-1080 0
-488 1081 0
-1079 1081 0
-488 -1079 1082 0
-1080 1082 0
-488 -1080 0
-492 1083 0
-1081 1083 0
-492 -1081 1084 0
-1082 1084 0
-492 -1082 0
-496 1085 0
-1083 1085 0
-496 -1083 1086 0
-1084 1086 0
-496 -1084 0
-500 1087 0
-1085 1087 0
-500 -1085 1088 0
-1086 1088 0
-500 -1086 0
-504 1089 0
-1087 1089 0
-504 -1087 1090 0
-1088 1090 0
-504 -1088 0
-508 1091 0
-1089 1091 0
-508 -1089 1092 0
-1090 1092 0
-508 -1090 0
-512 -1093 0
484 1094 0
-1095 0
-1096 0
-1097 0
-1098 0
-1099 0
488 1100 0
-1094 1100 0
488 -1094 1101 0
-1095 1101 0
488 -1095 1102 0
-1096 1102 0
488 -1096 1103 0
-1097 1103 0
488 -1097 1104 0
-1098 1104 0
488 -1098 1105 0
-1099 1105 0
488 -1099 0
492 1106 0
-1100 1106 0
492 -1100 1107 0
-1101 1107 0
492 -1101 1108 0
-1102 1108 0
492 -1102 1109 0
-1103 1109 0
492 -1103 1110 0
-1104 1110 0
492 -1104 1111 0
-1105 1111 0
492 -1105 0
496 1112 0
-1106 1112 0
496 -1106 1113 0
-1107 1113 0
496 -1107 1114 0
-1108 1114 0
496 -1108 1115 0
-1109 1115 0
496 -1109 1116 0
-1110 1116 0
496 -1110 1117 0
-1111 1117 0
496 -1111 0
500 1118 0
-1112 1118 0
500 -1112 1119 0
-1113 1119 0
500 -1113 1120 0
-1114 1120 0
500 -1114 1121 0
-1115 1121 0
500 -1115 1122 0
-1116 1122 0
500 -1116 1123 0
-1117 1123 0
500 -1117 0
504 1124 0
-1118 1124 0
504 -1118 1125 0
-1119 1125 0
504 -1119 1126 0
-1120 1126 0
504 -1120 1127 0
-1121 1127 0
504 -1121 1128 0
-1122 1128 0
504 -1122 1129 0
-1123 1129 0
504 -1123 0
508 1130 0
-1124 1130 0
508 -1124 1131 0
-1125 1131 0
508 -1125 1132 0
-1126 1132 0
508 -1126 1133 0
-1127 1133 0
508 -1127 1134 0
-1128 1134 0
508 -1128 1135 0
-1129 1135 0
508 -1129 0
512 -1136 0
-513 1137 0
-1138 0
-517 1139 0
-1137 1139 0
-517 -1137 1140 0
-1138 1140 0
-517 -1138 0
-521 1141 0
-1139 1141 0
-521 -1139 1142 0
-1140 1142 0
-521 -1140 0
-525 1143 0
-1141 1143 0
-525 -1141 1144 0
-1142 1144 0
-525 -1142 0
-529 1145 0
-1143 1145 0
-529 -1143 1146 0
-1144 1146 0
-529 -1144 0
-533 1147 0
-1145 1147 0
-533 -1145 1148 0
-1146 1148 0
-533 -1146 0
-537 1149 0
-1147 1149 0
-537 -1147 1150 0
-1148 1150 0
-537 -1148 0
-541 -1151 0
513 1152 0
-1153 0
-1154 0
-1155 0
-1156 0
-1157 0
517 1158 0
-1152 1158 0
517 -1152 1159 0
-1153 1159 0
517 -1153 1160 0
-1154 1160 0
517 -1154 1161 0
-1155 1161 0
517 -1155 1162 0
-1156 1162 0
517 -1156 1163 0
-1157 1163 0
517 -1157 0
521 1164 0
-1158 1164 0
521 -1158 1165 0
-1159 1165 0
521 -1159 1166 0
-1160 1166 0
521 -1160 1167 0
-1161 1167 0
521 -1161 1168 0
-1162 1168 0
521 -1162 1169 0
-1163 1169 0
521 -1163 0
525 1170 0
-1164 1170 0
525 -1164 1171 0
-1165 1171 0
525 -1165 1172 0
-1166 1172 0
525 -1166 1173 0
-1167 1173 0
525 -1167 1174 0
-1168 1174 0
525 -1168 1175 0
-1169 1175 0
525 -1169 0
529 1176 0
-1170 1176 0
529 -1170 1177 0
-1171 1177 0
529 -1171 1178 0
-1172 1178 0
529 -1172 1179 0
-1173 1179 0
529 -1173 1180 0
-1174 1180 0
529 -1174 1181 0
-1175 1181 0
529 -1175 0
533 1182 0
-1176 1182 0
533 -1176 1183 0
-1177 1183 0
533 -1177 1184 0
-1178 1184 0
533 -1178 1185 0
-1179 1185 0
533 -1179 1186 0
-1180 1186 0
533 -1180 1187 0
-1181 1187 0
533 -1181 0
537 1188 0
-1182 1188 0
537 -1182 1189 0
-1183 1189 0
537 -1183 1190 0
-1184 1190 0
537 -1184 1191 0
-1185 1191 0
537 -1185 1192 0
-1186 1192 0
537 -1186 1193 0
-1187 1193 0
537 -1187 0
541 -1194 0
-514 1195 0
-1196 0
-518 1197 0
-1195 1197 0
-518 -1195 1198 0
-1196 1198 0
-518 -1196 0
-522 1199 0
-1197 1199 0
-522 -1197 1200 0
-1198 1200 0
-522 -1198 0
-526 1201 0
-1199 1201 0
-526 -1199 1202 0
-1200 1202 0
-526 -1200 0
-530 1203 0
-1201 1203 0
-530 -1201 1204 0
-1202 1204 0
-530 -1202 0
-534 1205 0
-1203 1205 0
-534 -1203 1206 0
-1204 1206 0
-534 -1204 0
-538 1207 0
-1205 1207 0
-538 -1205 1208 0
-1206 1208 0
-538 -1206 0
-542 -1209 0
514 1210 0
-1211 0
-1212 0
-1213 0
-1214 0
-1215 0
518 1216 0
-1210 1216 0
518 -1210 1217 0
-1211 1217 0
518 -1211 1218 0
-1212 1218 0
518 -1212 1219 0
-1213 1219 0
518 -1213 1220 0
-1214 1220 0
518 -1214 1221 0
-1215 1221 0
518 -1215 0
522 1222 0
-1216 1222 0
522 -1216 1223 0
-1217 1223 0
522 -1217 1224 0
-1218 1224 0
522 -1218 1225 0
-1219 1225 0
522 -1219 1226 0
-1220 1226 0
522 -1220 1227 0
-1221 1227 0
522 -1221 0
526 1228 0
-1222 1228 0
526 -1222 1229 0
-1223 1229 0
526 -1223 1230 0
-1224 1230 0
526 -1224 1231 0
-1225 1231 0
526 -1225 1232 0
-1226 1232 0
526 -1226 1233 0
-1227 1233 0
526 -1227 0
530 1234 0
-1228 1234 0
530 -1228 1235 0
-1229 1235 0
530 -1229 1236 0
-1230 1236 0
530 -1230 1237 0
-1231 1237 0
530 -1231 1238 0
-1232 1238 0
530 -1232 1239 0
-1233 1239 0
530 -1233 0
534 1240 0
-1234 1240 0
534 -1234 1241 0
-1235 1241 0
534 -1235 1242 0
-1236 1242 0
534 -1236 1243 0
-1237 1243 0
534 -1237 1244 0
-1238 1244 0
534 -1238 1245 0
-1239 1245 0
534 -1239 0
538 1246 0
-1240 1246 0
538 -1240 1247 0
-1241 1247 0
538 -1241 1248 0
-1242 1248 0
538 -1242 1249 0
-1243 1249 0
538 -1243 1250 0
-1244 1250 0
538 -1244 1251 0
-1245 1251 0
538 -1245 0
542 -1252 0
-515 1253 0
-1254 0
-519 1255 0
-1253 1255 0
-519 -1253 1256 0
-1254 1256 0
-519 -1254 0
-523 1257 0
-1255 1257 0
-523 -1255 1258 0
-1256 1258 0
-523 -1256 0
-527 1259 0
-1257 1259 0
-527 -1257 1260 0
-1258 1260 0
-527 -1258 0
-531 1261 0
-1259 1261 0
-531 -1259 1262 0
-1260 1262 0
-531 -1260 0
-535 1263 0
-1261 1263 0
-535 -1261 1264 0
-1262 1264 0
-535 -1262 0
-539 1265 0
-1263 1265 0
-539 -1263 1266 0
-1264 1266 0
-539 -1264 0
-543 -1267 0
515 1268 0
-1269 0
-1270 0
-1271 0
-1272 0
-1273 0
519 1274 0
-1268 1274 0
519 -1268 1275 0
-1269 1275 0
519 -1269 1276 0
-1270 1276 0
519 -1270 1277 0
-1271 1277 0
519 -1271 1278 0
-1272 1278 0
519 -1272 1279 0
-1273 1279 0
519 -1273 0
523 1280 0
-1274 1280 0
523 -1274 1281 0
-1275 1281 0
523 -1275 1282 0
-1276 1282 0
523 -1276 1283 0
-1277 1283 0
523 -1277 1284 0
-1278 1284 0
523 -1278 1285 0
-1279 1285 0
523 -1279 0
527 1286 0
-1280 1286 0
527 -1280 1287 0
-1281 1287 0
527 -1281 1288 0
-1282 1288 0
527 -1282 1289 0
-1283 1289 0
527 -1283 1290 0
-1284 1290 0
527 -1284 1291 0
-1285 1291 0
527 -1285 0
531 1292 0
-1286 1292 0
531 -1286 1293 0
-1287 1293 0
531 -1287 1294 0
-1288 1294 0
531 -1288 1295 0
-1289 1295 0
531 -1289 1296 0
-1290 1296 0
531 -1290 1297 0
-1291 1297 0
531 -1291 0
535 1298 0
-1292 1298 0
535 -1292 1299 0
-1293 1299 0
535 -1293 1300 0
-1294 1300 0
535 -1294 1301 0
-1295 1301 0
535 -1295 1302 0
-1296 1302 0
535 -1296 1303 0
-1297 1303 0
535 -1297 0
539 1304 0
-1298 1304 0
539 -1298 1305 0
-1299 1305 0
539 -1299 1306 0
-1300 1306 0
539 -1300 1307 0
-1301 1307 0
539 -1301 1308 0
-1302 1308 0
539 -1302 1309 0
-1303 1309 0
539 -1303 0
543 -1310 0
-516 1311 0
-1312 0
-520 1313 0
-1311 1313 0
-520 -1311 1314 0
-1312 1314 0
-520 -1312 0
-524 1315 0
-1313 1315 0
-524 -1313 1316 0
-1314 1316 0
-524 -1314 0
-528 1317 0
-1315 1317 0
-528 -1315 1318 0
-1316 1318 0
-528 -1316 0
-532 1319 0
-1317 1319 0
-532 -1317 1320 0
-1318 1320 0
-532 -1318 0
-536 1321 0
-1319 1321 0
-536 -1319 1322 0
-1320 1322 0
-536 -1320 0
-540 1323 0
-1321 1323 0
-540 -1321 1324 0
-1322 1324 0
-540 -1322 0
-544 -1325 0
516 1326 0
-1327 0
-1328 0
-1329 0
-1330 0
-1331 0
520 1332 0
-1326 1332 0
520 -1326 1333 0
-1327 1333 0
520 -1327 1334 0
-1328 1334 0
520 -1328 1335 0
-1329 1335 0
520 -1329 1336 0
-1330 1336 0
520 -1330 1337 0
-1331 1337 0
520 -1331 0
524 1338 0
-1332 1338 0
524 -1332 1339 0
-1333 1339 0
524 -1333 1340 0
-1334 1340 0
524 -1334 1341 0
-1335 1341 0
524 -1335 1342 0
-1336 1342 0
524 -1336 1343 0
-1337 1343 0
524 -1337 0
528 1344 0
-1338 1344 0
528 -1338 1345 0
-1339 1345 0
528 -1339 1346 0
-1340 1346 0
528 -1340 1347 0
-1341 1347 0
528 -1341 1348 0
-1342 1348 0
528 -1342 1349 0
-1343 1349 0
528 -1343 0
532 1350 0
-1344 1350 0
532 -1344 1351 0
-1345 1351 0
532 -1345 1352 0
-1346 1352 0
532 -1346 1353 0
-1347 1353 0
532 -1347 1354 0
-1348 1354 0
532 -1348 1355 0
-1349 1355 0
532 -1349 0
536 1356 0
-1350 1356 0
536 -1350 1357 0
-1351 1357 0
536 -1351 1358 0
-1352 1358 0
536 -1352 1359 0
-1353 1359 0
536 -1353 1360 0
-1354 1360 0
536 -1354 1361 0
-1355 1361 0
536 -1355 0
540 1362 0
-1356 1362 0
540 -1356 1363 0
-1357 1363 0
540 -1357 1364 0
-1358 1364 0
540 -1358 1365 0
-1359 1365 0
540 -1359 1366 0
-1360 1366 0
540 -1360 1367 0
-1361 1367 0
540 -1361 0
544 -1368 0
-545 1369 0
-1370 0
-549 1371 0
-1369 1371 0
-549 -1369 1372 0
-1370 1372 0
-549 -1370 0
-553 1373 0
-1371 1373 0
-553 -1371 1374 0
-1372 1374 0
-553 -1372 0
-557 1375 0
-1373 1375 0
-557 -1373 1376 0
-1374 1376 0
-557 -1374 0
-561 1377 0
-1375 1377 0
-561 -1375 1378 0
-1376 1378 0
-561 -1376 0
-565 1379 0
-1377 1379 0
-565 -1377 1380 0
-1378 1380 0
-565 -1378 0
-569 1381 0
-1379 1381 0
-569 -1379 1382 0
-1380 1382 0
-569 -1380 0
-573 -1383 0
545 1384 0
-1385 0
-1386 0
-1387 0
-1388 0
-1389 0
549 1390 0
-1384 1390 0
549 -1384 1391 0
-1385 1391 0
549 -1385 1392 0
-1386 1392 0
549 -1386 1393 0
-1387 1393 0
549 -1387 1394 0
-1388 1394 0
549 -1388 1395 0
-1389 1395 0
549 -1389 0
553 1396 0
-1390 1396 0
553 -1390 1397 0
-1391 1397 0
553 -1391 1398 0
-1392 1398 0
553 -1392 1399 0
-1393 1399 0
553 -1393 1400 0
-1394 1400 0
553 -1394 1401 0
-1395 1401 0
553 -1395 0
557 1402 0
-1396 1402 0
557 -1396 1403 0
-1397 1403 0
557 -1397 1404 0
-1398 1404 0
557 -1398 1405 0
-1399 1405 0
557 -1399 1406 0
-1400 1406 0
557 -1400 1407 0
-1401 1407 0
557 -1401 0
561 1408 0
-1402 1408 0
561 -1402 1409 0
-1403 1409 0
561 -1403 1410 0
-1404 1410 0
561 -1404 1411 0
-1405 1411 0
561 -1405 1412 0
-1406 1412 0
561 -1406 1413 0
-1407 1413 0
561 -1407 0
565 1414 0
-1408 1414 0
565 -1408 1415 0
-1409 1415 0
565 -1409 1416 0
-1410 1416 0
565 -1410 1417 0
-1411 1417 0
565 -1411 1418 0
-1412 1418 0
565 -1412 1419 0
-1413 1419 0
565 -1413 0
569 1420 0
-1414 1420 0
569 -1414 1421 0
-1415 1421 0
569 -1415 1422 0
-1416 1422 0
569 -1416 1423 0
-1417 1423 0
569 -1417 1424 0
-1418 1424 0
569 -1418 1425 0
-1419 1425 0
569 -1419 0
573 -1426 0
-546 1427 0
-1428 0
-550 1429 0
-1427 1429 0
-550 -1427 1430 0
-1428 1430 0
-550 -1428 0
-554 1431 0
-1429 1431 0
-554 -1429 1432 0
-1430 1432 0
-554 -1430 0
-558 1433 0
-1431 1433 0
-558 -1431 1434 0
-1432 1434 0
-558 -1432 0
-562 1435 0
-1433 1435 0
-562 -1433 1436 0
-1434 1436 0
-562 -1434 0
-566 1437 0
-1435 1437 0
-566 -1435 1438 0
-1436 1438 0
-566 -1436 0
-570 1439 0
-1437 1439 0
-570 -1437 1440 0
-1438 1440 0
-570 -1438 0
-574 -1441 0
546 1442 0
-1443 0
-1444 0
-1445 0
-1446 0
-1447 0
550 1448 0
-1442 1448 0
550 -1442 1449 0
-1443 1449 0
550 -1443 1450 0
-1444 1450 0
550 -1444 1451 0
-1445 1451 0
550 -1445 1452 0
-1446 1452 0
550 -1446 1453 0
-1447 1453 0
550 -1447 0
554 1454 0
-1448 1454 0
554 -1448 1455 0
-1449 1455 0
554 -1449 1456 0
-1450 1456 0
554 -1450 1457 0
-1451 1457 0
554 -1451 1458 0
-1452 1458 0
554 -1452 1459 0
-1453 1459 0
554 -1453 0
558 1460 0
-1454 1460 0
558 -1454 1461 0
-1455 1461 0
558 -1455 1462 0
-1456 1462 0
558 -1456 1463 0
-1457 1463 0
558 -1457 1464 0
-1458 1464 0
558 -1458 1465 0
-1459 1465 0
558 -1459 0
562 1466 0
-1460 1466 0
562 -1460 1467 0
-1461 1467 0
562 -1461 1468 0
-1462 1468 0
562 -1462 1469 0
-1463 1469 0
562 -1463 1470 0
-1464 1470 0
562 -1464 1471 0
-1465 1471 0
562 -1465 0
566 1472 0
-1466 1472 0
566 -1466 1473 0
-1467 1473 0
566 -1467 1474 0
-1468 1474 0
566 -1468 1475 0
-1469 1475 0
566 -1469 1476 0
-1470 1476 0
566 -1470 1477 0
-1471 1477 0
566 -1471 0
570 1478 0
-1472 1478 0
570 -1472 1479 0
-1473 1479 0
570 -1473 1480 0
-1474 1480 0
570 -1474 1481 0
-1475 1481 0
570 -1475 1482 0
-1476 1482 0
570 -1476 1483 0
-1477 1483 0
570 -1477 0
574 -1484 0
-547 1485 0
-1486 0
-551 1487 0
-1485 1487 0
-551 -1485 1488 0
-1486 1488 0
-551 -1486 0
-555 1489 0
-1487 1489 0
-555 -1487 1490 0
-1488 1490 0
-555 -1488 0
-559 1491 0
-1489 1491 0
-559 -1489 1492 0
-1490 1492 0
-559 -1490 0
-563 1493 0
-1491 1493 0
-563 -1491 1494 0
-1492 1494 0
-563 -1492 0
-567 1495 0
-1493 1495 0
-567 -1493 1496 0
-1494 1496 0
-567 -1494 0
-571 1497 0
-1495 1497 0
-571 -1495 1498 0
-1496 1498 0
-571 -1496 0
-575 -1499 0
547 1500 0
-1501 0
-1502 0
-1503 0
-1504 0
-1505 0
551 1506 0
-1500 1506 0
551 -1500 1507 0
-1501 1507 0
551 -1501 1508 0
-1502 1508 0
551 -1502 1509 0
-1503 1509 0
551 -1503 1510 0
-1504 1510 0
551 -1504 1511 0
-1505 1511 0
551 -1505 0
555 1512 0
-1506 1512 0
555 -1506 1513 0
-1507 1513 0
555 -1507 1514 0
-1508 1514 0
555 -1508 1515 0
-1509 1515 0
555 -1509 1516 0
-1510 1516 0
555 -1510 1517 0
-1511 1517 0
555 -1511 0
559 1518 0
-1512 1518 0
559 -1512 1519 0
-1513 1519 0
559 -1513 1520 0
-1514 1520 0
559 -1514 1521 0
-1515 1521 0
559 -1515 1522 0
-1516 1522 0
559 -1516 1523 0
-1517 1523 0
559 -1517 0
563 1524 0
-1518 1524 0
563 -1518 1525 0
-1519 1525 0
563 -1519 1526 0
-1520 1526 0
563 -1520 1527 0
-1521 1527 0
563 -1521 1528 0
-1522 1528 0
563 -1522 1529 0
-1523 1529 0
563 -1523 0
567 1530 0
-1524 1530 0
567 -1524 1531 0
-1525 1531 0
567 -1525 1532 0
-1526 1532 0
567 -1526 1533 0
-1527 1533 0
567 -1527 1534 0
-1528 1534 0
567 -1528 1535 0
-1529 1535 0
567 -1529 0
571 1536 0
-1530 1536 0
571 -1530 1537 0
-1531 1537 0
571 -1531 1538 0
-1532 1538 0
571 -1532 1539 0
-1533 1539 0
571 -1533 1540 0
-1534 1540 0
571 -1534 1541 0
-1535 1541 0
571 -1535 0
575 -1542 0
-548 1543 0
-1544 0
-552 1545 0
-1543 1545 0
-552 -1543 1546 0
-1544 1546 0
-552 -1544 0
-556 1547 0
-1545 1547 0
-556 -1545 1548 0
-1546 1548 0
-556 -1546 0
-560 1549 0
-1547 1549 0
-560 -1547 1550 0
-1548 1550 0
-560 -1548 0
-564 1551 0
-1549 1551 0
-564 -1549 1552 0
-1550 1552 0
-564 -1550 0
-568 1553 0
-1551 1553 0
-568 -1551 1554 0
-1552 1554 0
-568 -1552 0
-572 1555 0
-1553 1555 0
-572 -1553 1556 0
-1554 1556 0
-572 -1554 0
-576 -1557 0
548 1558 0
-1559 0
-1560 0
-1561 0
-1562 0
-1563 0
552 1564 0
-1558 1564 0
552 -1558 1565 0
-1559 1565 0
552 -1559 1566 0
-1560 1566 0
552 -1560 1567 0
-1561 1567 0
552 -1561 1568 0
-1562 1568 0
552 -1562 1569 0
-1563 1569 0
552 -1563 0
556 1570 0
-1564 1570 0
556 -1564 1571 0
-1565 1571 0
556 -1565 1572 0
-1566 1572 0
556 -1566 1573 0
-1567 1573 0
556 -1567 1574 0
-1568 1574 0
556 -1568 1575 0
-1569 1575 0
556 -1569 0
560 1576 0
-1570 1576 0
560 -1570 1577 0
-1571 1577 0
560 -1571 1578 0
-1572 1578 0
560 -1572 1579 0
-1573 1579 0
560 -1573 1580 0
-1574 1580 0
560 -1574 1581 0
-1575 1581 0
560 -1575 0
564 1582 0
-1576 1582 0
564 -1576 1583 0
-1577 1583 0
564 -1577 1584 0
-1578 1584 0
564 -1578 1585 0
-1579 1585 0
564 -1579 1586 0
-1580 1586 0
564 -1580 1587 0
-1581 1587 0
564 -1581 0
568 1588 0
-1582 1588 0
568 -1582 1589 0
-1583 1589 0
568 -1583 1590 0
-1584 1590 0
568 -1584 1591 0
-1585 1591 0
568 -1585 1592 0
-1586 1592 0
568 -1586 1593 0
-1587 1593 0
568 -1587 0
572 1594 0
-1588 1594 0
572 -1588 1595 0
-1589 1595 0
572 -1589 1596 0
-1590 1596 0
572 -1590 1597 0
-1591 1597 0
572 -1591 1598 0
-1592 1598 0
572 -1592 1599 0
-1593 1599 0
572 -1593 0
576 -1600 0
-577 1601 0
-1602 0
-581 1603 0
-1601 1603 0
-581 -1601 1604 0
-1602 1604 0
-581 -1602 0
-585 1605 0
-1603 1605 0
-585 -1603 1606 0
-1604 1606 0
-585 -1604 0
-589 1607 0
-1605 1607 0
-589 -1605 1608 0
-1606 1608 0
-589 -1606 0
-593 1609 0
-1607 1609 0
-593 -1607 1610 0
-1608 1610 0
-593 -1608 0
-597 1611 0
-1609 1611 0
-597 -1609 1612 0
-1610 1612 0
-597 -1610 0
-601 1613 0
-1611 1613 0
-601 -1611 1614 0
-1612 1614 0
-601 -1612 0
-605 -1615 0
577 1616 0
-1617 0
-1618 0
-1619 0
-1620 0
-1621 0
581 1622 0
-1616 1622 0
581 -1616 1623 0
-1617 1623 0
581 -1617 1624 0
-1618 1624 0
581 -1618 1625 0
-1619 1625 0
581 -1619 1626 0
-1620 1626 0
581 -1620 1627 0
-1621 1627 0
581 -1621 0
585 1628 0
-1622 1628 0
585 -1622 1629 0
-1623 1629 0
585 -1623 1630 0
-1624 1630 0
585 -1624 1631 0
-1625 1631 0
585 -1625 1632 0
-1626 1632 0
585 -1626 1633 0
-1627 1633 0
585 -1627 0
589 1634 0
-1628 1634 0
589 -1628 1635 0
-1629 1635 0
589 -1629 1636 0
-1630 1636 0
589 -1630 1637 0
-1631 1637 0
589 -1631 1638 0
-1632 1638 0
589 -1632 1639 0
-1633 1639 0
589 -1633 0
593 1640 0
-1634 1640 0
593 -1634 1641 0
-1635 1641 0
593 -1635 1642 0
-1636 1642 0
593 -1636 1643 0
-1637 1643 0
593 -1637 1644 0
-1638 1644 0
593 -1638 1645 0
-1639 1645 0
593 -1639 0
597 1646 0
-1640 1646 0
597 -1640 1647 0
-1641 1647 0
597 -1641 1648 0
-1642 1648 0
597 -1642 1649 0
-1643 1649 0
597 -1643 1650 0
-1644 1650 0
597 -1644 1651 0
-1645 1651 0
597 -1645 0
601 1652 0
-1646 1652 0
601 -1646 1653 0
-1647 1653 0
601 -1647 1654 0
-1648 1654 0
601 -1648 1655 0
-1649 1655 0
601 -1649 1656 0
-1650 1656 0
601 -1650 1657 0
-1651 1657 0
601 -1651 0
605 -1658 0
-578 1659 0
-1660 0
-582 1661 0
-1659 1661 0
-582 -1659 1662 0
-1660 1662 0
-582 -1660 0
-586 1663 0
-1661 1663 0
-586 -1661 1664 0
-1662 1664 0
-586 -1662 0
-590 1665 0
-1663 1665 0
-590 -1663 1666 0
-1664 1666 0
-590 -1664 0
-594 1667 0
-1665 1667 0
-594 -1665 1668 0
-1666 1668 0
-594 -1666 0
-598 1669 0
-1667 1669 0
-598 -1667 1670 0
-1668 1670 0
-598 -1668 0
-602 1671 0
-1669 1671 0
-602 -1669 1672 0
-1670 1672 0
-602 -1670 0
-606 -1673 0
578 1674 0
-1675 0
-1676 0
-1677 0
-1678 0
-1679 0
582 1680 0
-1674 1680 0
582 -1674 1681 0
-1675 1681 0
582 -1675 1682 0
-1676 1682 0
582 -1676 1683 0
-1677 1683 0
582 -1677 1684 0
-1678 1684 0
582 -1678 1685 0
-1679 1685 0
582 -1679 0
586 1686 0
-1680 1686 0
586 -1680 1687 0
-1681 1687 0
586 -1681 1688 0
-1682 1688 0
586 -1682 1689 0
-1683 1689 0
586 -1683 1690 0
-1684 1690 0
586 -1684 1691 0
-1685 1691 0
586 -1685 0
590 1692 0
-1686 1692 0
590 -1686 1693 0
-1687 1693 0
590 -1687 1694 0
-1688 1694 0
590 -1688 1695 0
-1689 1695 0
590 -1689 1696 0
-1690 1696 0
590 -1690 1697 0
-1691 1697 0
590 -1691 0
594 1698 0
-1692 1698 0
594 -1692 1699 0
-1693 1699 0
594 -1693 1700 0
-1694 1700 0
594 -1694 1701 0
-1695 1701 0
594 -1695 1702 0
-1696 1702 0
594 -1696 1703 0
-1697 1703 0
594 -1697 0
598 1704 0
-1698 1704 0
598 -1698 1705 0
-1699 1705 0
598 -1699 1706 0
-1700 1706 0
598 -1700 1707 0
-1701 1707 0
598 -1701 1708 0
-1702 1708 0
598 -1702 1709 0
-1703 1709 0
598 -1703 0
602 1710 0
-1704 1710 0
602 -1704 1711 0
-1705 1711 0
602 -1705 1712 0
-1706 1712 0
602 -1706 1713 0
-1707 1713 0
602 -1707 1714 0
-1708 1714 0
602 -1708 1715 0
-1709 1715 0
602 -1709 0
606 -1716 0
-579 1717 0
-1718 0
-583 1719 0
-1717 1719 0
-583 -1717 1720 0
-1718 1720 0
-583 -1718 0
-587 1721 0
-1719 1721 0
-587 -1719 1722 0
-1720 1722 0
-587 -1720 0
-591 1723 0
-1721 1723 0
-591 -1721 1724 0
-1722 1724 0
-591 -1722 0
-595 1725 0
-1723 1725 0
-595 -1723 1726 0
-1724 1726 0
-595 -1724 0
-599 1727 0
-1725 1727 0
-599 -1725 1728 0
-1726 1728 0
-599 -1726 0
-603 1729 0
-1727 1729 0
-603 -1727 1730 0
-1728 1730 0
-603 -1728 0
-607 -1731 0
579 1732 0
-1733 0
-1734 0
-1735 0
-1736 0
-1737 0
583 1738 0
-1732 1738 0
583 -1732 1739 0
-1733 1739 0
583 -1733 1740 0
-1734 1740 0
583 -1734 1741 0
-1735 1741 0
583 -1735 1742 0
-1736 1742 0
583 -1736 1743 0
-1737 1743 0
583 -1737 0
587 1744 0
-1738 1744 0
587 -1738 1745 0
-1739 1745 0
587 -1739 1746 0
-1740 1746 0
587 -1740 1747 0
-1741 1747 0
587 -1741 1748 0
-1742 1748 0
587 -1742 1749 0
-1743 1749 0
587 -1743 0
591 1750 0
-1744 1750 0
591 -1744 1751 0
-1745 1751 0
591 -1745 1752 0
-1746 1752 0
591 -1746 1753 0
-1747 1753 0
591 -1747 1754 0
-1748 1754 0
591 -1748 1755 0
-1749 1755 0
591 -1749 0
595 1756 0
-1750 1756 0
595 -1750 1757 0
-1751 1757 0
595 -1751 1758 0
-1752 1758 0
595 -1752 1759 0
-1753 1759 0
595 -1753 1760 0
-1754 1760 0
595 -1754 1761 0
-1755 1761 0
595 -1755 0
599 1762 0
-1756 1762 0
599 -1756 1763 0
-1757 1763 0
599 -1757 1764 0
-1758 1764 0
599 -1758 1765 0
-1759 1765 0
599 -1759 1766 0
-1760 1766 0
599 -1760 1767 0
-1761 1767 0
599 -1761 0
603 1768 0
-1762 1768 0
603 -1762 1769 0
-1763 1769 0
603 -1763 1770 0
-1764 1770 0
603 -1764 1771 0
-1765 1771 0
603 -1765 1772 0
-1766 1772 0
603 -1766 1773 0
-1767 1773 0
603 -1767 0
607 -1774 0
-580 1775 0
-1776 0
-584 1777 0
-1775 1777 0
-584 -1775 1778 0
-1776 1778 0
-584 -1776 0
-588 1779 0
-1777 1779 0
-588 -1777 1780 0
-1778 1780 0
-588 -1778 0
-592 1781 0
-1779 1781 0
-592 -1779 1782 0
-1780 1782 0
-592 -1780 0
-596 1783 0
-1781 1783 0
-596 -1781 1784 0
-1782 1784 0
-596 -1782 0
-600 1785 0
-1783 1785 0
-600 -1783 1786 0
-1784 1786 0
-600 -1784 0
-604 1787 0
-1785 1787 0
-604 -1785 1788 0
-1786 1788 0
-604 -1786 0
-608 -1789 0
580 1790 0
-1791 0
-1792 0
-1793 0
-1794 0
-1795 0
584 1796 0
-1790 1796 0
584 -1790 1797 0
-1791 1797 0
584 -1791 1798 0
-1792 1798 0
584 -1792 1799 0
-1793 1799 0
584 -1793 1800 0
-1794 1800 0
584 -1794 1801 0
-1795 1801 0
584 -1795 0
588 1802 0
-1796 1802 0
588 -1796 1803 0
-1797 1803 0
588 -1797 1804 0
-1798 1804 0
588 -1798 1805 0
-1799 1805 0
588 -1799 1806 0
-1800 1806 0
588 -1800 1807 0
-1801 1807 0
588 -1801 0
592 1808 0
-1802 1808 0
592 -1802 1809 0
-1803 1809 0
592 -1803 1810 0
-1804 1810 0
592 -1804 1811 0
-1805 1811 0
592 -1805 1812 0
-1806 1812 0
592 -1806 1813 0
-1807 1813 0
592 -1807 0
596 1814 0
-1808 1814 0
596 -1808 1815 0
-1809 1815 0
596 -1809 1816 0
-1810 1816 0
596 -1810 1817 0
-1811 1817 0
596 -1811 1818 0
-1812 1818 0
596 -1812 1819 0
-1813 1819 0
596 -1813 0
600 1820 0
-1814 1820 0
600 -1814 1821 0
-1815 1821 0
600 -1815 1822 0
-1816 1822 0
600 -1816 1823 0
-1817 1823 0
600 -1817 1824 0
-1818 1824 0
600 -1818 1825 0
-1819 1825 0
600 -1819 0
604 1826 0
-1820 1826 0
604 -1820 1827 0
-1821 1827 0
604 -1821 1828 0
-1822 1828 0
604 -1822 1829 0
-1823 1829 0
604 -1823 1830 0
-1824 1830 0
604 -1824 1831 0
-1825 1831 0
604 -1825 0
608 -1832 0
-609 1833 0
-1834 0
-613 1835 0
-1833 1835 0
-613 -1833 1836 0
-1834 1836 0
-613 -1834 0
-617 1837 0
-1835 1837 0
-617 -1835 1838 0
-1836 1838 0
-617 -1836 0
-621 1839 0
-1837 1839 0
-621 -1837 1840 0
-1838 1840 0
-621 -1838 0
-625 1841 0
-1839 1841 0
-625 -1839 1842 0
-1840 1842 0
-625 -1840 0
-629 1843 0
-1841 1843 0
-629 -1841 1844 0
-1842 1844 0
-629 -1842 0
-633 1845 0
-1843 1845 0
-633 -1843 1846 0
-1844 1846 0
-633 -1844 0
-637 -1847 0
609 1848 0
-1849 0
-1850 0
-1851 0
-1852 0
-1853 0
613 1854 0
-1848 1854 0
613 -1848 1855 0
-1849 1855 0
613 -1849 1856 0
-1850 1856 0
613 -1850 1857 0
-1851 1857 0
613 -1851 1858 0
-1852 1858 0
613 -1852 1859 0
-1853 1859 0
613 -1853 0
617 1860 0
-1854 1860 0
617 -1854 1861 0
-1855 1861 0
617 -1855 1862 0
-1856 1862 0
617 -1856 1863 0
-1857 1863 0
617 -1857 1864 0
-1858 1864 0
617 -1858 1865 0
-1859 1865 0
617 -1859 0
621 1866 0
-1860 1866 0
621 -1860 1867 0
-1861 1867 0
621 -1861 1868 0
-1862 1868 0
621 -1862 1869 0
-1863 1869 0
621 -1863 1870 0
-1864 1870 0
621 -1864 1871 0
-1865 1871 0
621 -1865 0
625 1872 0
-1866 1872 0
625 -1866 1873 0
-1867 1873 0
625 -1867 1874 0
-1868 1874 0
625 -1868 1875 0
-1869 1875 0
625 -1869 1876 0
-1870 1876 0
625 -1870 1877 0
-1871 1877 0
625 -1871 0
629 1878 0
-1872 1878 0
629 -1872 1879 0
-1873 1879 0
629 -1873 1880 0
-1874 1880 0
629 -1874 1881 0
-1875 1881 0
629 -1875 1882 0
-1876 1882 0
629 -1876 1883 0
-1877 1883 0
629 -1877 0
633 1884 0
-1878 1884 0
633 -1878 1885 0
-1879 1885 0
633 -1879 1886 0
-1880 1886 0
633 -1880 1887 0
-1881 1887 0
633 -1881 1888 0
-1882 1888 0
633 -1882 1889 0
-1883 1889 0
633 -1883 0
637 -1890 0
-610 1891 0
-1892 0
-614 1893 0
-1891 1893 0
-614 -1891 1894 0
-1892 1894 0
-614 -1892 0
-618 1895 0
-1893 1895 0
-618 -1893 1896 0
-1894 1896 0
-618 -1894 0
-622 1897 0
-1895 1897 0
-622 -1895 1898 0
-1896 1898 0
-622 -1896 0
-626 1899 0
-1897 1899 0
-626 -1897 1900 0
-1898 1900 0
-626 -1898 0
-630 1901 0
-1899 1901 0
-630 -1899 1902 0
-1900 1902 0
-630 -1900 0
-634 1903 0
-1901 1903 0
-634 -1901 1904 0
-1902 1904 0
-634 -1902 0
-638 -1905 0
610 1906 0
-1907 0
-1908 0
-1909 0
-1910 0
-1911 0
614 1912 0
-1906 1912 0
614 -1906 1913 0
-1907 1913 0
614 -1907 1914 0
-1908 1914 0
614 -1908 1915 0
-1909 1915 0
614 -1909 1916 0
-1910 1916 0
614 -1910 1917 0
-1911 1917 0
614 -1911 0
618 1918 0
-1912 1918 0
618 -1912 1919 0
-1913 1919 0
618 -1913 1920 0
-1914 1920 0
618 -1914 1921 0
-1915 1921 0
618 -1915 1922 0
-1916 1922 0
618 -1916 1923 0
-1917 1923 0
618 -1917 0
622 1924 0
-1918 1924 0
622 -1918 1925 0
-1919 1925 0
622 -1919 1926 0
-1920 1926 0
622 -1920 1927 0
-1921 1927 0
622 -1921 1928 0
-1922 1928 0
622 -1922 1929 0
-1923 1929 0
622 -1923 0
626 1930 0
-1924 1930 0
626 -1924 1931 0
-1925 1931 0
626 -1925 1932 0
-1926 1932 0
626 -1926 1933 0
-1927 1933 0
626 -1927 1934 0
-1928 1934 0
626 -1928 1935 0
-1929 1935 0
626 -1929 0
630 1936 0
-1930 1936 0
630 -1930 1937 0
-1931 1937 0
630 -1931 1938 0
-1932 1938 0
630 -1932 1939 0
-1933 1939 0
630 -1933 1940 0
-1934 1940 0
630 -1934 1941 0
-1935 1941 0
630 -1935 0
634 1942 0
-1936 1942 0
634 -1936 1943 0
-1937 1943 0
634 -1937 1944 0
-1938 1944 0
634 -1938 1945 0
-1939 1945 0
634 -1939 1946 0
-1940 1946 0
634 -1940 1947 0
-1941 1947 0
634 -1941 0
638 -1948 0
-611 1949 0
-1950 0
-615 1951 0
-1949 1951 0
-615 -1949 1952 0
-1950 1952 0
-615 -1950 0
-619 1953 0
-1951 1953 0
-619 -1951 1954 0
-1952 1954 0
-619 -1952 0
-623 1955 0
-1953 1955 0
-623 -1953 1956 0
-1954 1956 0
-623 -1954 0
-627 1957 0
-1955 1957 0
-627 -1955 1958 0
-1956 1958 0
-627 -1956 0
-631 1959 0
-1957 1959 0
-631 -1957 1960 0
-1958 1960 0
-631 -1958 0
-635 1961 0
-1959 1961 0
-635 -1959 1962 0
-1960 1962 0
-635 -1960 0
-639 -1963 0
611 1964 0
-1965 0
-1966 0
-1967 0
-1968 0
-1969 0
615 1970 0
-1964 1970 0
615 -1964 1971 0
-1965 1971 0
615 -1965 1972 0
-1966 1972 0
615 -1966 1973 0
-1967 1973 0
615 -1967 1974 0
-1968 1974 0
615 -1968 1975 0
-1969 1975 0
615 -1969 0
619 1976 0
-1970 1976 0
619 -1970 1977 0
-1971 1977 0
619 -1971 1978 0
-1972 1978 0
619 -1972 1979 0
-1973 1979 0
619 -1973 1980 0
-1974 1980 0
619 -1974 1981 0
-1975 1981 0
619 -1975 0
623 1982 0
-1976 1982 0
623 -1976 1983 0
-1977 1983 0
623 -1977 1984 0
-1978 1984 0
623 -1978 1985 0
-1979 1985 0
623 -1979 1986 0
-1980 1986 0
623 -1980 1987 0
-1981 1987 0
623 -1981 0
627 1988 0
-1982 1988 0
627 -1982 1989 0
-1983 1989 0
627 -1983 1990 0
-1984 1990 0
627 -1984 1991 0
-1985 1991 0
627 -1985 1992 0
-1986 1992 0
627 -1986 1993 0
-1987 1993 0
627 -1987 0
631 1994 0
-1988 1994 0
631 -1988 1995 0
-1989 1995 0
631 -1989 1996 0
-1990 1996 0
631 -1990 1997 0
-1991 1997 0
631 -1991 1998 0
-1992 1998 0
631 -1992 1999 0
-1993 1999 0
631 -1993 0
635 2000 0
-1994 2000 0
635 -1994 2001 0
-1995 2001 0
635 -1995 2002 0
-1996 2002 0
635 -1996 2003 0
-1997 2003 0
635 -1997 2004 0
-1998 2004 0
635 -1998 2005 0
-1999 2005 0
635 -1999 0
639 -2006 0
-612 2007 0
-2008 0
-616 2009 0
-2007 2009 0
-616 -2007 2010 0
-2008 2010 0
-616 -2008 0
-620 2011 0
-2009 2011 0
-620 -2009 2012 0
-2010 2012 0
-620 -2010 0
-624 2013 0
-2011 2013 0
-624 -2011 2014 0
-2012 2014 0
-624 -2012 0
-628 2015 0
-2013 2015 0
-628 -2013 2016 0
-2014 2016 0
-628 -2014 0
-632 2017 0
-2015 2017 0
-632 -2015 2018 0
-2016 2018 0
-632 -2016 0
-636 2019 0
-2017 2019 0
-636 -2017 2020 0
-2018 2020 0
-636 -2018 0
-640 -2021 0
612 2022 0
-2023 0
-2024 0
-2025 0
-2026 0
-2027 0
616 2028 0
-2022 2028 0
616 -2022 2029 0
-2023 2029 0
616 -2023 2030 0
-2024 2030 0
616 -2024 2031 0
-2025 2031 0
616 -2025 2032 0
-2026 2032 0
616 -2026 2033 0
-2027 2033 0
616 -2027 0
620 2034 0
-2028 2034 0
620 -2028 2035 0
-2029 2035 0
620 -2029 2036 0
-2030 2036 0
620 -2030 2037 0
-2031 2037 0
620 -2031 2038 0
-2032 2038 0
620 -2032 2039 0
-2033 2039 0
620 -2033 0
624 2040 0
-2034 2040 0
624 -2034 2041 0
-2035 2041 0
624 -2035 2042 0
-2036 2042 0
624 -2036 2043 0
-2037 2043 0
624 -2037 2044 0
-2038 2044 0
624 -2038 2045 0
-2039 2045 0
624 -2039 0
628 2046 0
-2040 2046 0
628 -2040 2047 0
-2041 2047 0
628 -2041 2048 0
-2042 2048 0
628 -2042 2049 0
-2043 2049 0
628 -2043 2050 0
-2044 2050 0
628 -2044 2051 0
-2045 2051 0
628 -2045 0
632 2052 0
-2046 2052 0
632 -2046 2053 0
-2047 2053 0
632 -2047 2054 0
-2048 2054 0
632 -2048 2055 0
-2049 2055 0
632 -2049 2056 0
-2050 2056 0
632 -2050 2057 0
-2051 2057 0
632 -2051 0
636 2058 0
-2052 2058 0
636 -2052 2059 0
-2053 2059 0
636 -2053 2060 0
-2054 2060 0
636 -2054 2061 0
-2055 2061 0
636 -2055 2062 0
-2056 2062 0
636 -2056 2063 0
-2057 2063 0
636 -2057 0
640 -2064 0
-641 2065 0
-2066 0
-645 2067 0
-2065 2067 0
-645 -2065 2068 0
-2066 2068 0
-645 -2066 0
-649 2069 0
-2067 2069 0
-649 -2067 2070 0
-2068 2070 0
-649 -2068 0
-653 2071 0
-2069 2071 0
-653 -2069 2072 0
-2070 2072 0
-653 -2070 0
-657 2073 0
-2071 2073 0
-657 -2071 2074 0
-2072 2074 0
-657 -2072 0
-661 2075 0
-2073 2075 0
-661 -2073 2076 0
-2074 2076 0
-661 -2074 0
-665 2077 0
-2075 2077 0
-665 -2075 2078 0
-2076 2078 0
-665 -2076 0
-669 -2079 0
641 2080 0
-2081 0
-2082 0
-2083 0
-2084 0
-2085 0
645 2086 0
-2080 2086 0
645 -2080 2087 0
-2081 2087 0
645 -2081 2088 0
-2082 2088 0
645 -2082 2089 0
-2083 2089 0
645 -2083 2090 0
-2084 2090 0
645 -2084 2091 0
-2085 2091 0
645 -2085 0
649 2092 0
-2086 2092 0
649 -2086 2093 0
-2087 2093 0
649 -2087 2094 0
-2088 2094 0
649 -2088 2095 0
-2089 2095 0
649 -2089 2096 0
-2090 2096 0
649 -2090 2097 0
-2091 2097 0
649 -2091 0
653 2098 0
-2092 2098 0
653 -2092 2099 0
-2093 2099 0
653 -2093 2100 0
-2094 2100 0
653 -2094 2101 0
-2095 2101 0
653 -2095 2102 0
-2096 2102 0
653 -2096 2103 0
-2097 2103 0
653 -2097 0
657 2104 0
-2098 2104 0
657 -2098 2105 0
-2099 2105 0
657 -2099 2106 0
-2100 2106 0
657 -2100 2107 0
-2101 2107 0
657 -2101 2108 0
-2102 2108 0
657 -2102 2109 0
-2103 2109 0
657 -2103 0
661 2110 0
-2104 2110 0
661 -2104 2111 0
-2105 2111 0
661 -2105 2112 0
-2106 2112 0
661 -2106 2113 0
-2107 2113 0
661 -2107 2114 0
-2108 2114 0
661 -2108 2115 0
-2109 2115 0
661 -2109 0
665 2116 0
-2110 2116 0
665 -2110 2117 0
-2111 2117 0
665 -2111 2118 0
-2112 2118 0
665 -2112 2119 0
-2113 2119 0
665 -2113 2120 0
-2114 2120 0
665 -2114 2121 0
-2115 2121 0
665 -2115 0
669 -2122 0
-642 2123 0
-2124 0
-646 2125 0
-2123 2125 0
-646 -2123 2126 0
-2124 2126 0
-646 -2124 0
-650 2127 0
-2125 2127 0
-650 -2125 2128 0
-2126 2128 0
-650 -2126 0
-654 2129 0
-2127 2129 0
-654 -2127 2130 0
-2128 2130 0
-654 -2128 0
-658 2131 0
-2129 2131 0
-658 -2129 2132 0
-2130 2132 0
-658 -2130 0
-662 2133 0
-2131 2133 0
-662 -2131 2134 0
-2132 2134 0
-662 -2132 0
-666 2135 0
-2133 2135 0
-666 -2133 2136 0
-2134 2136 0
-666 -2134 0
-670 -2137 0
642 2138 0
-2139 0
-2140 0
-2141 0
-2142 0
-2143 0
646 2144 0
-2138 2144 0
646 -2138 2145 0
-2139 2145 0
646 -2139 2146 0
-2140 2146 0
646 -2140 2147 0
-2141 2147 0
646 -2141 2148 0
-2142 2148 0
646 -2142 2149 0
-2143 2149 0
646 -2143 0
650 2150 0
-2144 2150 0
650 -2144 2151 0
-2145 2151 0
650 -2145 2152 0
-2146 2152 0
650 -2146 2153 0
-2147 2153 0
650 -2147 2154 0
-2148 2154 0
650 -2148 2155 0
-2149 2155 0
650 -2149 0
654 2156 0
-2150 2156 0
654 -2150 2157 0
-2151 2157 0
654 -2151 2158 0
-2152 2158 0
654 -2152 2159 0
-2153 2159 0
654 -2153 2160 0
-2154 2160 0
654 -2154 2161 0
-2155 2161 0
654 -2155 0
658 2162 0
-2156 2162 0
658 -2156 2163 0
-2157 2163 0
658 -2157 2164 0
-2158 2164 0
658 -2158 2165 0
-2159 2165 0
658 -2159 2166 0
-2160 2166 0
658 -2160 2167 0
-2161 2167 0
658 -2161 0
662 2168 0
-2162 2168 0
662 -2162 2169 0
-2163 2169 0
662 -2163 2170 0
-2164 2170 0
662 -2164 2171 0
-2165 2171 0
662 -2165 2172 0
-2166 2172 0
662 -2166 2173 0
-2167 2173 0
662 -2167 0
666 2174 0
-2168 2174 0
666 -2168 2175 0
-2169 2175 0
666 -2169 2176 0
-2170 2176 0
666 -2170 2177 0
-2171 2177 0
666 -2171 2178 0
-2172 2178 0
666 -2172 2179 0
-2173 2179 0
666 -2173 0
670 -2180 0
-643 2181 0
-2182 0
-647 2183 0
-2181 2183 0
-647 -2181 2184 0
-2182 2184 0
-647 -2182 0
-651 2185 0
-2183 2185 0
-651 -2183 2186 0
-2184 2186 0
-651 -2184 0
-655 2187 0
-2185 2187 0
-655 -2185 2188 0
-2186 2188 0
-655 -2186 0
-659 2189 0
-2187 2189 0
-659 -2187 2190 0
-2188 2190 0
-659 -2188 0
-663 2191 0
-2189 2191 0
-663 -2189 2192 0
-2190 2192 0
-663 -2190 0
-667 2193 0
-2191 2193 0
-667 -2191 2194 0
-2192 2194 0
-667 -2192 0
-671 -2195 0
643 2196 0
-2197 0
-2198 0
-2199 0
-2200 0
-2201 0
647 2202 0
-2196 2202 0
647 -2196 2203 0
-2197 2203 0
647 -2197 2204 0
-2198 2204 0
647 -2198 2205 0
-2199 2205 0
647 -2199 2206 0
-2200 2206 0
647 -2200 2207 0
-2201 2207 0
647 -2201 0
651 2208 0
-2202 2208 0
651 -2202 2209 0
-2203 2209 0
651 -2203 2210 0
-2204 2210 0
651 -2204 2211 0
-2205 2211 0
651 -2205 2212 0
-2206 2212 0
651 -2206 2213 0
-2207 2213 0
651 -2207 0
655 2214 0
-2208 2214 0
655 -2208 2215 0
-2209 2215 0
655 -2209 2216 0
-2210 2216 0
655 -2210 2217 0
-2211 2217 0
655 -2211 2218 0
-2212 2218 0
655 -2212 2219 0
-2213 2219 0
655 -2213 0
659 2220 0
-2214 2220 0
659 -2214 2221 0
-2215 2221 0
659 -2215 2222 0
-2216 2222 0
659 -2216 2223 0
-2217 2223 0
659 -2217 2224 0
-2218 2224 0
659 -2218 2225 0
-2219 2225 0
659 -2219 0
663 2226 0
-2220 2226 0
663 -2220 2227 0
-2221 2227 0
663 -2221 2228 0
-2222 2228 0
663 -2222 2229 0
-2223 2229 0
663 -2223 2230 0
-2224 2230 0
663 -2224 2231 0
-2225 2231 0
663 -2225 0
667 2232 0
-2226 2232 0
667 -2226 2233 0
-2227 2233 0
667 -2227 2234 0
-2228 2234 0
667 -2228 2235 0
-2229 2235 0
667 -2229 2236 0
-2230 2236 0
667 -2230 2237 0
-2231 2237 0
667 -2231 0
671 -2238 0
-644 2239 0
-2240 0
-648 2241 0
-2239 2241 0
-648 -2239 2242 0
-2240 2242 0
-648 -2240 0
-652 2243 0
-2241 2243 0
-652 -2241 2244 0
-2242 2244 0
-652 -2242 0
-656 2245 0
-2243 2245 0
-656 -2243 2246 0
-2244 2246 0
-656 -2244 0
-660 2247 0
-2245 2247 0
-660 -2245 2248 0
-2246 2248 0
-660 -2246 0
-664 2249 0
-2247 2249 0
-664 -2247 2250 0
-2248 2250 0
-664 -2248 0
-668 2251 0
-2249 2251 0
-668 -2249 2252 0
-2250 2252 0
-668 -2250 0
-672 -2253 0
644 2254 0
-2255 0
-2256 0
-2257 0
-2258 0
-2259 0
648 2260 0
-2254 2260 0
648 -2254 2261 0
-2255 2261 0
648 -2255 2262 0
-2256 2262 0
648 -2256 2263 0
-2257 2263 0
648 -2257 2264 0
-2258 2264 0
648 -2258 2265 0
-2259 2265 0
648 -2259 0
652 2266 0
-2260 2266 0
652 -2260 2267 0
-2261 2267 0
652 -2261 2268 0
-2262 2268 0
652 -2262 2269 0
-2263 2269 0
652 -2263 2270 0
-2264 2270 0
652 -2264 2271 0
-2265 2271 0
652 -2265 0
656 2272 0
-2266 2272 0
656 -2266 2273 0
-2267 2273 0
656 -2267 2274 0
-2268 2274 0
656 -2268 2275 0
-2269 2275 0
656 -2269 2276 0
-2270 2276 0
656 -2270 2277 0
-2271 2277 0
656 -2271 0
660 2278 0
-2272 2278 0
660 -2272 2279 0
-2273 2279 0
660 -2273 2280 0
-2274 2280 0
660 -2274 2281 0
-2275 2281 0
660 -2275 2282 0
-2276 2282 0
660 -2276 2283 0
-2277 2283 0
660 -2277 0
664 2284 0
-2278 2284 0
664 -2278 2285 0
-2279 2285 0
664 -2279 2286 0
-2280 2286 0
664 -2280 2287 0
-2281 2287 0
664 -2281 2288 0
-2282 2288 0
664 -2282 2289 0
-2283 2289 0
664 -2283 0
668 2290 0
-2284 2290 0
668 -2284 2291 0
-2285 2291 0
668 -2285 2292 0
-2286 2292 0
668 -2286 2293 0
-2287 2293 0
668 -2287 2294 0
-2288 2294 0
668 -2288 2295 0
-2289 2295 0
668 -2289 0
672 -2296 0
-449 -453 2 0
-449 -453 9 0
-449 -457 3 0
-449 -457 17 0
-449 -461 4 0
-449 -461 25 0
-449 -465 5 0
-449 -465 33 0
-449 -469 6 0
-449 -469 41 0
-449 -473 7 0
-449 -473 49 0
-449 -477 8 0
-449 -477 57 0
-453 -457 11 0
-453 -457 18 0
-453 -461 12 0
-453 -461 26 0
-453 -465 13 0
-453 -465 34 0
-453 -469 14 0
-453 -469 42 0
-453 -473 15 0
-453 -473 50 0
-453 -477 16 0
-453 -477 58 0
-457 -461 20 0
-457 -461 27 0
-457 -465 21 0
-457 -465 35 0
-457 -469 22 0
-457 -469 43 0
-457 -473 23 0
-457 -473 51 0
-457 -477 24 0
-457 -477 59 0
-461 -465 29 0
-461 -465 36 0
-461 -469 30 0
-461 -469 44 0
-461 -473 31 0
-461 -473 52 0
-461 -477 32 0
-461 -477 60 0
-465 -469 38 0
-465 -469 45 0
-465 -473 39 0
-465 -473 53 0
-465 -477 40 0
-465 -477 61 0
-469 -473 47 0
-469 -473 54 0
-469 -477 48 0
-469 -477 62 0
-473 -477 56 0
-473 -477 63 0
-450 -454 2 0
-450 -454 9 0
-450 -458 3 0
-450 -458 17 0
-450 -462 4 0
-450 -462 25 0
-450 -466 5 0
-450 -466 33 0
-450 -470 6 0
-450 -470 41 0
-450 -474 7 0
-450 -474 49 0
-450 -478 8 0
-450 -478 57 0
-454 -458 11 0
-454 -458 18 0
-454 -462 12 0
-454 -462 26 0
-454 -466 13 0
-454 -466 34 0
-454 -470 14 0
-454 -470 42 0
-454 -474 15 0
-454 -474 50 0
-454 -478 16 0
-454 -478 58 0
-458 -462 20 0
-458 -462 27 0
-458 -466 21 0
-458 -466 35 0
-458 -470 22 0
-458 -470 43 0
-458 -474 23 0
-458 -474 51 0
-458 -478 24 0
-458 -478 59 0
-462 -466 29 0
-462 -466 36 0
-462 -470 30 0
-462 -470 44 0
-462 -474 31 0
-462 -474 52 0
-462 -478 32 0
-462 -478 60 0
-466 -470 38 0
-466 -470 45 0
-466 -474 39 0
-466 -474 53 0
-466 -478 40 0
-466 -478 61 0
-470 -474 47 0
-470 -474 54 0
-470 -478 48 0
-470 -478 62 0
-474 -478 56 0
-474 -478 63 0
-451 -455 2 0
-451 -455 9 0
-451 -459 3 0
-451 -459 17 0
-451 -463 4 0
-451 -463 25 0
-451 -467 5 0
-451 -467 33 0
-451 -471 6 0
-451 -471 41 0
-451 -475 7 0
-451 -475 49 0
-451 -479 8 0
-451 -479 57 0
-455 -459 11 0
-455 -459 18 0
-455 -463 12 0
-455 -463 26 0
-455 -467 13 0
-455 -467 34 0
-455 -471 14 0
-455 -471 42 0
-455 -475 15 0
-455 -475 50 0
-455 -479 16 0
-455 -479 58 0
-459 -463 20 0
-459 -463 27 0
-459 -467 21 0
-459 -467 35 0
-459 -471 22 0
-459 -471 43 0
-459 -475 23 0
-459 -475 51 0
-459 -479 24 0
-459 -479 59 0
-463 -467 29 0
-463 -467 36 0
-463 -471 30 0
-463 -471 44 0
-463 -475 31 0
-463 -475 52 0
-463 -479 32 0
-463 -479 60 0
-467 -471 38 0
-467 -471 45 0
-467 -475 39 0
-467 -475 53 0
-467 -479 40 0
-467 -479 61 0
-471 -475 47 0
-471 -475 54 0
-471 -479 48 0
-471 -479 62 0
-475 -479 56 0
-475 -479 63 0
-452 -456 2 0
-452 -456 9 0
-452 -460 3 0
-452 -460 17 0
-452 -464 4 0
-452 -464 25 0
-452 -468 5 0
-452 -468 33 0
-452 -472 6 0
-452 -472 41 0
-452 -476 7 0
-452 -476 49 0
-452 -480 8 0
-452 -480 57 0
-456 -460 11 0
-456 -460 18 0
-456 -464 12 0
-456 -464 26 0
-456 -468 13 0
-456 -468 34 0
-456 -472 14 0
-456 -472 42 0
-456 -476 15 0
-456 -476 50 0
-456 -480 16 0
-456 -480 58 0
-460 -464 20 0
-460 -464 27 0
-460 -468 21 0
-460 -468 35 0
-460 -472 22 0
-460 -472 43 0
-460 -476 23 0
-460 -476 51 0
-460 -480 24 0
-460 -480 59 0
-464 -468 29 0
-464 -468 36 0
-464 -472 30 0
-464 -472 44 0
-464 -476 31 0
-464 -476 52 0
-464 -480 32 0
-464 -480 60 0
-468 -472 38 0
-468 -472 45 0
-468 -476 39 0
-468 -476 53 0
-468 -480 40 0
-468 -480 61 0
-472 -476 47 0
-472 -476 54 0
-472 -480 48 0
-472 -480 62 0
-476 -480 56 0
-476 -480 63 0
-481 -485 66 0
-481 -485 73 0
-481 -489 67 0
-481 -489 81 0
-481 -493 68 0
-481 -493 89 0
-481 -497 69 0
-481 -497 97 0
-481 -501 70 0
-481 -501 105 0
-481 -505 71 0
-481 -505 113 0
-481 -509 72 0
-481 -509 121 0
-485 -489 75 0
-485 -489 82 0
-485 -493 76 0
-485 -493 90 0
-485 -497 77 0
-485 -497 98 0
-485 -501 78 0
-485 -501 106 0
-485 -505 79 0
-485 -505 114 0
-485 -509 80 0
-485 -509 122 0
-489 -493 84 0
-489 -493 91 0
-489 -497 85 0
-489 -497 99 0
-489 -501 86 0
-489 -501 107 0
-489 -505 87 0
-489 -505 115 0
-489 -509 88 0
-489 -509 123 0
-493 -497 93 0
-493 -497 100 0
-493 -501 94 0
-493 -501 108 0
-493 -505 95 0
-493 -505 116 0
-493 -509 96 0
-493 -509 124 0
-497 -501 102 0
-497 -501 109 0
-497 -505 103 0
-497 -505 117 0
-497 -509 104 0
-497 -509 125 0
-501 -505 111 0
-501 -505 118 0
-501 -509 112 0
-501 -509 126 0
-505 -509 120 0
-505 -509 127 0
-482 -486 66 0
-482 -486 73 0
-482 -490 67 0
-482 -490 81 0
-482 -494 68 0
-482 -494 89 0
-482 -498 69 0
-482 -498 97 0
-482 -502 70 0
-482 -502 105 0
-482 -506 71 0
-482 -506 113 0
-482 -510 72 0
-482 -510 121 0
-486 -490 75 0
-486 -490 82 0
-486 -494 76 0
-486 -494 90 0
-486 -498 77 0
-486 -498 98 0
-486 -502 78 0
-486 -502 106 0
-486 -506 79 0
-486 -506 114 0
-486 -510 80 0
-486 -510 122 0
-490 -494 84 0
-490 -494 91 0
-490 -498 85 0
-490 -498 99 0
-490 -502 86 0
-490 -502 107 0
-490 -506 87 0
-490 -506 115 0
-490 -510 88 0
-490 -510 123 0
-494 -498 93 0
-494 -498 100 0
-494 -502 94 0
-494 -502 108 0
-494 -506 95 0
-494 -506 116 0
-494 -510 96 0
-494 -510 124 0
-498 -502 102 0
-498 -502 109 0
-498 -506 103 0
-498 -506 117 0
-498 -510 104 0
-498 -510 125 0
-502 -506 111 0
-502 -506 118 0
-502 -510 112 0
-502 -510 126 0
-506 -510 120 0
-506 -510 127 0
-483 -487 66 0
-483 -487 73 0
-483 -491 67 0
-483 -491 81 0
-483 -495 68 0
-483 -495 89 0
-483 -499 69 0
-483 -499 97 0
-483 -503 70 0
-483 -503 105 0
-483 -507 71 0
-483 -507 113 0
-483 -511 72 0
-483 -511 121 0
-487 -491 75 0
-487 -491 82 0
-487 -495 76 0
-487 -495 90 0
-487 -499 77 0
-487 -499 98 0
-487 -503 78 0
-487 -503 106 0
-487 -507 79 0
-487 -507 114 0
-487 -511 80 0
-487 -511 122 0
-491 -495 84 0
-491 -495 91 0
-491 -499 85 0
-491 -499 99 0
-491 -503 86 0
-491 -503 107 0
-491 -507 87 0
-491 -507 115 0
-491 -511 88 0
-491 -511 123 0
-495 -499 93 0
-495 -499 100 0
-495 -503 94 0
-495 -503 108 0
-495 -507 95 0
-495 -507 116 0
-495 -511 96 0
-495 -511 124 0
-499 -503 102 0
-499 -503 109 0
-499 -507 103 0
-499 -507 117 0
-499 -511 104 0
-499 -511 125 0
-503 -507 111 0
-503 -507 118 0
-503 -511 112 0
-503 -511 126 0
-507 -511 120 0
-507 -511 127 0
-484 -488 66 0
-484 -488 73 0
-484 -492 67 0
-484 -492 81 0
-484 -496 68 0
-484 -496 89 0
-484 -500 69 0
-484 -500 97 0
-484 -504 70 0
-484 -504 105 0
-484 -508 71 0
-484 -508 113 0
-484 -512 72 0
-484 -512 121 0
-488 -492 75 0
-488 -492 82 0
-488 -496 76 0
-488 -496 90 0
-488 -500 77 0
-488 -500 98 0
-488 -504 78 0
-488 -504 106 0
-488 -508 79 0
-488 -508 114 0
-488 -512 80 0
-488 -512 122 0
-492 -496 84 0
-492 -496 91 0
-492 -500 85 0
-492 -500 99 0
-492 -504 86 0
-492 -504 107 0
-492 -508 87 0
-492 -508 115 0
-492 -512 88 0
-492 -512 123 0
-496 -500 93 0
-496 -500 100 0
-496 -504 94 0
-496 -504 108 0
-496 -508 95 0
-496 -508 116 0
-496 -512 96 0
-496 -512 124 0
-500 -504 102 0
-500 -504 109 0
-500 -508 103 0
-500 -508 117 0
-500 -512 104 0
-500 -512 125 0
-504 -508 111 0
-504 -508 118 0
-504 -512 112 0
-504 -512 126 0
-508 -512 120 0
-508 -512 127 0
-513 -517 130 0
-513 -517 137 0
-513 -521 131 0
-513 -521 145 0
-513 -525 132 0
-513 -525 153 0
-513 -529 133 0
-513 -529 161 0
-513 -533 134 0
-513 -533 169 0
-513 -537 135 0
-513 -537 177 0
-513 -541 136 0
-513 -541 185 0
-517 -521 139 0
-517 -521 146 0
-517 -525 140 0
-517 -525 154 0
-517 -529 141 0
-517 -529 162 0
-517 -533 142 0
-517 -533 170 0
-517 -537 143 0
-517 -537 178 0
-517 -541 144 0
-517 -541 186 0
-521 -525 148 0
-521 -525 155 0
-521 -529 149 0
-521 -529 163 0
-521 -533 150 0
-521 -533 171 0
-521 -537 151 0
-521 -537 179 0
-521 -541 152 0
-521 -541 187 0
-525 -529 157 0
-525 -529 164 0
-525 -533 158 0
-525 -533 172 0
-525 -537 159 0
-525 -537 180 0
-525 -541 160 0
-525 -541 188 0
-529 -533 166 0
-529 -533 173 0
-529 -537 167 0
-529 -537 181 0
-529 -541 168 0
-529 -541 189 0
-533 -537 175 0
-533 -537 182 0
-533 -541 176 0
-533 -541 190 0
-537 -541 184 0
-537 -541 191 0
-514 -518 130 0
-514 -518 137 0
-514 -522 131 0
-514 -522 145 0
-514 -526 132 0
-514 -526 153 0
-514 -530 133 0
-514 -530 161 0
-514 -534 134 0
-514 -534 169 0
-514 -538 135 0
-514 -538 177 0
-514 -542 136 0
-514 -542 185 0
-518 -522 139 0
-518 -522 146 0
-518 -526 140 0
-518 -526 154 0
-518 -530 141 0
-518 -530 162 0
-518 -534 142 0
-518 -534 170 0
-518 -538 143 0
-518 -538 178 0
-518 -542 144 0
-518 -542 186 0
-522 -526 148 0
-522 -526 155 0
-522 -530 149 0
-522 -530 163 0
-522 -534 150 0
-522 -534 171 0
-522 -538 151 0
-522 -538 179 0
-522 -542 152 0
-522 -542 187 0
-526 -530 157 0
-526 -530 164 0
-526 -534 158 0
-526 -534 172 0
-526 -538 159 0
-526 -538 180 0
-526 -542 160 0
-526 -542 188 0
-530 -534 166 0
-530 -534 173 0
-530 -538 167 0
-530 -538 181 0
-530 -542 168 0
-530 -542 189 0
-534 -538 175 0
-534 -538 182 0
-534 -542 176 0
-534 -542 190 0
-538 -542 184 0
-538 -542 191 0
-515 -519 130 0
-515 -519 137 0
-515 -523 131 0
-515 -523 145 0
-515 -527 132 0
-515 -527 153 0
-515 -531 133 0
-515 -531 161 0
-515 -535 134 0
-515 -535 169 0
-515 -539 135 0
-515 -539 177 0
-515 -543 136 0
-515 -543 185 0
-519 -523 139 0
-519 -523 146 0
-519 -527 140 0
-519 -527 154 0
-519 -531 141 0
-519 -531 162 0
-519 -535 142 0
-519 -535 170 0
-519 -539 143 0
-519 -539 178 0
-519 -543 144 0
-519 -543 186 0
-523 -527 148 0
-523 -527 155 0
-523 -531 149 0
-523 -531 163 0
-523 -535 150 0
-523 -535 171 0
-523 -539 151 0
-523 -539 179 0
-523 -543 152 0
-523 -543 187 0
-527 -531 157 0
-527 -531 164 0
-527 -535 158 0
-527 -535 172 0
-527 -539 159 0
-527 -539 180 0
-527 -543 160 0
-527 -543 188 0
-531 -535 166 0
-531 -535 173 0
-531 -539 167 0
-531 -539 181 0
-531 -543 168 0
-531 -543 189 0
-535 -539 175 0
-535 -539 182 0
-535 -543 176 0
-535 -543 190 0
-539 -543 184 0
-539 -543 191 0
-516 -520 130 0
-516 -520 137 0
-516 -524 131 0
-516 -524 145 0
-516 -528 132 0
-516 -528 153 0
-516 -532 133 0
-516 -532 161 0
-516 -536 134 0
-516 -536 169 0
-516 -540 135 0
-516 -540 177 0
-516 -544 136 0
-516 -544 185 0
-520 -524 139 0
-520 -524 146 0
-520 -528 140 0
-520 -528 154 0
-520 -532 141 0
-520 -532 162 0
-520 -536 142 0
-520 -536 170 0
-520 -540 143 0
-520 -540 178 0
-520 -544 144 0
-520 -544 186 0
-524 -528 148 0
-524 -528 155 0
-524 -532 149 0
-524 -532 163 0
-524 -536 150 0
-524 -536 171 0
-524 -540 151 0
-524 -540 179 0
-524 -544 152 0
-524 -544 187 0
-528 -532 157 0
-528 -532 164 0
-528 -536 158 0
-528 -536 172 0
-528 -540 159 0
-528 -540 180 0
-528 -544 160 0
-528 -544 188 0
-532 -536 166 0
-532 -536 173 0
-532 -540 167 0
-532 -540 181 0
-532 -544 168 0
-532 -544 189 0
-536 -540 175 0
-536 -540 182 0
-536 -544 176 0
-536 -544 190 0
-540 -544 184 0
-540 -544 191 0
-545 -549 194 0
-545 -549 201 0
-545 -553 195 0
-545 -553 209 0
-545 -557 196 0
-545 -557 217 0
-545 -561 197 0
-545 -561 225 0
-545 -565 198 0
-545 -565 233 0
-545 -569 199 0
-545 -569 241 0
-545 -573 200 0
-545 -573 249 0
-549 -553 203 0
-549 -553 210 0
-549 -557 204 0
-549 -557 218 0
-549 -561 205 0
-549 -561 226 0
-549 -565 206 0
-549 -565 234 0
-549 -569 207 0
-549 -569 242 0
-549 -573 208 0
-549 -573 250 0
-553 -557 212 0
-553 -557 219 0
-553 -561 213 0
-553 -561 227 0
-553 -565 214 0
-553 -565 235 0
-553 -569 215 0
-553 -569 243 0
-553 -573 216 0
-553 -573 251 0
-557 -561 221 0
-557 -561 228 0
-557 -565 222 0
-557 -565 236 0
-557 -569 223 0
-557 -569 244 0
-557 -573 224 0
-557 -573 252 0
-561 -565 230 0
-561 -565 237 0
-561 -569 231 0
-561 -569 245 0
-561 -573 232 0
-561 -573 253 0
-565 -569 239 0
-565 -569 246 0
-565 -573 240 0
-565 -573 254 0
-569 -573 248 0
-569 -573 255 0
-546 -550 194 0
-546 -550 201 0
-546 -554 195 0
-546 -554 209 0
-546 -558 196 0
-546 -558 217 0
-546 -562 197 0
-546 -562 225 0
-546 -566 198 0
-546 -566 233 0
-546 -570 199 0
-546 -570 241 0
-546 -574 200 0
-546 -574 249 0
-550 -554 203 0
-550 -554 210 0
-550 -558 204 0
-550 -558 218 0
-550 -562 205 0
-550 -562 226 0
-550 -566 206 0
-550 -566 234 0
-550 -570 207 0
-550 -570 242 0
-550 -574 208 0
-550 -574 250 0
-554 -558 212 0
-554 -558 219 0
-554 -562 213 0
-554 -562 227 0
-554 -566 214 0
-554 -566 235 0
-554 -570 215 0
-554 -570 243 0
-554 -574 216 0
-554 -574 251 0
-558 -562 221 0
-558 -562 228 0
-558 -566 222 0
-558 -566 236 0
-558 -570 223 0
-558 -570 244 0
-558 -574 224 0
-558 -574 252 0
-562 -566 230 0
-562 -566 237 0
-562 -570 231 0
-562 -570 245 0
-562 -574 232 0
-562 -574 253 0
-566 -570 239 0
-566 -570 246 0
-566 -574 240 0
-566 -574 254 0
-570 -574 248 0
-570 -574 255 0
-547 -551 194 0
-547 -551 201 0
-547 -555 195 0
-547 -555 209 0
-547 -559 196 0
-547 -559 217 0
-547 -563 197 0
-547 -563 225 0
-547 -567 198 0
-547 -567 233 0
-547 -571 199 0
-547 -571 241 0
-547 -575 200 0
-547 -575 249 0
-551 -555 203 0
-551 -555 210 0
-551 -559 204 0
-551 -559 218 0
-551 -563 205 0
-551 -563 226 0
-551 -567 206 0
-551 -567 234 0
-551 -571 207 0
-551 -571 242 0
-551 -575 208 0
-551 -575 250 0
-555 -559 212 0
-555 -559 219 0
-555 -563 213 0
-555 -563 227 0
-555 -567 214 0
-555 -567 235 0
-555 -571 215 0
-555 -571 243 0
-555 -575 216 0
-555 -575 251 0
-559 -563 221 0
-559 -563 228 0
-559 -567 222 0
-559 -567 236 0
-559 -571 223 0
-559 -571 244 0
-559 -575 224 0
-559 -575 252 0
-563 -567 230 0
-563 -567 237 0
-563 -571 231 0
-563 -571 245 0
-563 -575 232 0
-563 -575 253 0
-567 -571 239 0
-567 -571 246 0
-567 -575 240 0
-567 -575 254 0
-571 -575 248 0
-571 -575 255 0
-548 -552 194 0
-548 -552 201 0
-548 -556 195 0
-548 -556 209 0
-548 -560 196 0
-548 -560 217 0
-548 -564 197 0
-548 -564 225 0
-548 -568 198 0
-548 -568 233 0
-548 -572 199 0
-548 -572 241 0
-548 -576 200 0
-548 -576 249 0
-552 -556 203 0
-552 -556 210 0
-552 -560 204 0
-552 -560 218 0
-552 -564 205 0
-552 -564 226 0
-552 -568 206 0
-552 -568 234 0
-552 -572 207 0
-552 -572 242 0
-552 -576 208 0
-552 -576 250 0
-556 -560 212 0
-556 -560 219 0
-556 -564 213 0
-556 -564 227 0
-556 -568 214 0
-556 -568 235 0
-556 -572 215 0
-556 -572 243 0
-556 -576 216 0
-556 -576 251 0
-560 -564 221 0
-560 -564 228 0
-560 -568 222 0
-560 -568 236 0
-560 -572 223 0
-560 -572 244 0
-560 -576 224 0
-560 -576 252 0
-564 -568 230 0
-564 -568 237 0
-564 -572 231 0
-564 -572 245 0
-564 -576 232 0
-564 -576 253 0
-568 -572 239 0
-568 -572 246 0
-568 -576 240 0
-568 -576 254 0
-572 -576 248 0
-572 -576 255 0
-577 -581 258 0
-577 -581 265 0
-577 -585 259 0
-577 -585 273 0
-577 -589 260 0
-577 -589 281 0
-577 -593 261 0
-577 -593 289 0
-577 -597 262 0
-577 -597 297 0
-577 -601 263 0
-577 -601 305 0
-577 -605 264 0
-577 -605 313 0
-581 -585 267 0
-581 -585 274 0
-581 -589 268 0
-581 -589 282 0
-581 -593 269 0
-581 -593 290 0
-581 -597 270 0
-581 -597 298 0
-581 -601 271 0
-581 -601 306 0
-581 -605 272 0
-581 -605 314 0
-585 -589 276 0
-585 -589 283 0
-585 -593 277 0
-585 -593 291 0
-585 -597 278 0
-585 -597 299 0
-585 -601 279 0
-585 -601 307 0
-585 -605 280 0
-585 -605 315 0
-589 -593 285 0
-589 -593 292 0
-589 -597 286 0
-589 -597 300 0
-589 -601 287 0
-589 -601 308 0
-589 -605 288 0
-589 -605 316 0
-593 -597 294 0
-593 -597 301 0
-593 -601 295 0
-593 -601 309 0
-593 -605 296 0
-593 -605 317 0
-597 -601 303 0
-597 -601 310 0
-597 -605 304 0
-597 -605 318 0
-601 -605 312 0
-601 -605 319 0
-578 -582 258 0
-578 -582 265 0
-578 -586 259 0
-578 -586 273 0
-578 -590 260 0
-578 -590 281 0
-578 -594 261 0
-578 -594 289 0
-578 -598 262 0
-578 -598 297 0
-578 -602 263 0
-578 -602 305 0
-578 -606 264 0
-578 -606 313 0
-582 -586 267 0
-582 -586 274 0
-582 -590 268 0
-582 -590 282 0
-582 -594 269 0
-582 -594 290 0
-582 -598 270 0
-582 -598 298 0
-582 -602 271 0
-582 -602 306 0
-582 -606 272 0
-582 -606 314 0
-586 -590 276 0
-586 -590 283 0
-586 -594 277 0
-586 -594 291 0
-586 -598 278 0
-586 -598 299 0
-586 -602 279 0
-586 -602 307 0
-586 -606 280 0
-586 -606 315 0
-590 -594 285 0
-590 -594 292 0
-590 -598 286 0
-590 -598 300 0
-590 -602 287 0
-590 -602 308 0
-590 -606 288 0
-590 -606 316 0
-594 -598 294 0
-594 -598 301 0
-594 -602 295 0
-594 -602 309 0
-594 -606 296 0
-594 -606 317 0
-598 -602 303 0
-598 -602 310 0
-598 -606 304 0
-598 -606 318 0
-602 -606 312 0
-602 -606 319 0
-579 -583 258 0
-579 -583 265 0
-579 -587 259 0
-579 -587 273 0
-579 -591 260 0
-579 -591 281 0
-579 -595 261 0
-579 -595 289 0
-579 -599 262 0
-579 -599 297 0
-579 -603 263 0
-579 -603 305 0
-579 -607 264 0
-579 -607 313 0
-583 -587 267 0
-583 -587 274 0
-583 -591 268 0
-583 -591 282 0
-583 -595 269 0
-583 -595 290 0
-583 -599 270 0
-583 -599 298 0
-583 -603 271 0
-583 -603 306 0
-583 -607 272 0
-583 -607 314 0
-587 -591 276 0
-587 -591 283 0
-587 -595 277 0
-587 -595 291 0
-587 -599 278 0
-587 -599 299 0
-587 -603 279 0
-587 -603 307 0
-587 -607 280 0
-587 -607 315 0
-591 -595 285 0
-591 -595 292 0
-591 -599 286 0
-591 -599 300 0
-591 -603 287 0
-591 -603 308 0
-591 -607 288 0
-591 -607 316 0
-595 -599 294 0
-595 -599 301 0
-595 -603 295 0
-595 -603 309 0
-595 -607 296 0
-595 -607 317 0
-599 -603 303 0
-599 -603 310 0
-599 -607 304 0
-599 -607 318 0
-603 -607 312 0
-603 -607 319 0
-580 -584 258 0
-580 -584 265 0
-580 -588 259 0
-580 -588 273 0
-580 -592 260 0
-580 -592 281 0
-580 -596 261 0
-580 -596 289 0
-580 -600 262 0
-580 -600 297 0
-580 -604 263 0
-580 -604 305 0
-580 -608 264 0
-580 -608 313 0
-584 -588 267 0
-584 -588 274 0
-584 -592 268 0
-584 -592 282 0
-584 -596 269 0
-584 -596 290 0
-584 -600 270 0
-584 -600 298 0
-584 -604 271 0
-584 -604 306 0
-584 -608 272 0
-584 -608 314 0
-588 -592 276 0
-588 -592 283 0
-588 -596 277 0
-588 -596 291 0
-588 -600 278 0
-588 -600 299 0
-588 -604 279 0
-588 -604 307 0
-588 -608 280 0
-588 -608 315 0
-592 -596 285 0
-592 -596 292 0
-592 -600 286 0
-592 -600 300 0
-592 -604 287 0
-592 -604 308 0
-592 -608 288 0
-592 -608 316 0
-596 -600 294 0
-596 -600 301 0
-596 -604 295 0
-596 -604 309 0
-596 -608 296 0
-596 -608 317 0
-600 -604 303 0
-600 -604 310 0
-600 -608 304 0
-600 -608 318 0
-604 -608 312 0
-604 -608 319 0
-609 -613 322 0
-609 -613 329 0
-609 -617 323 0
-609 -617 337 0
-609 -621 324 0
-609 -621 345 0
-609 -625 325 0
-609 -625 353 0
-609 -629 326 0
-609 -629 361 0
-609 -633 327 0
-609 -633 369 0
-609 -637 328 0
-609 -637 377 0
-613 -617 331 0
-613 -617 338 0
-613 -621 332 0
-613 -621 346 0
-613 -625 333 0
-613 -625 354 0
-613 -629 334 0
-613 -629 362 0
-613 -633 335 0
-613 -633 370 0
-613 -637 336 0
-613 -637 378 0
-617 -621 340 0
-617 -621 347 0
-617 -625 341 0
-617 -625 355 0
-617 -629 342 0
-617 -629 363 0
-617 -633 343 0
-617 -633 371 0
-617 -637 344 0
-617 -637 379 0
-621 -625 349 0
-621 -625 356 0
-621 -629 350 0
-621 -629 364 0
-621 -633 351 0
-621 -633 372 0
-621 -637 352 0
-621 -637 380 0
-625 -629 358 0
-625 -629 365 0
-625 -633 359 0
-625 -633 373 0
-625 -637 360 0
-625 -637 381 0
-629 -633 367 0
-629 -633 374 0
-629 -637 368 0
-629 -637 382 0
-633 -637 376 0
-633 -637 383 0
-610 -614 322 0
-610 -614 329 0
-610 -618 323 0
-610 -618 337 0
-610 -622 324 0
-610 -622 345 0
-610 -626 325 0
-610 -626 353 0
-610 -630 326 0
-610 -630 361 0
-610 -634 327 0
-610 -634 369 0
-610 -638 328 0
-610 -638 377 0
-614 -618 331 0
-614 -618 338 0
-614 -622 332 0
-614 -622 346 0
-614 -626 333 0
-614 -626 354 0
-614 -630 334 0
-614 -630 362 0
-614 -634 335 0
-614 -634 370 0
-614 -638 336 0
-614 -638 378 0
-618 -622 340 0
-618 -622 347 0
-618 -626 341 0
-618 -626 355 0
-618 -630 342 0
-618 -630 363 0
-618 -634 343 0
-618 -634 371 0
-618 -638 344 0
-618 -638 379 0
-622 -626 349 0
-622 -626 356 0
-622 -630 350 0
-622 -630 364 0
-622 -634 351 0
-622 -634 372 0
-622 -638 352 0
-622 -638 380 0
-626 -630 358 0
-626 -630 365 0
-626 -634 359 0
-626 -634 373 0
-626 -638 360 0
-626 -638 381 0
-630 -634 367 0
-630 -634 374 0
-630 -638 368 0
-630 -638 382 0
-634 -638 376 0
-634 -638 383 0
-611 -615 322 0
-611 -615 329 0
-611 -619 323 0
-611 -619 337 0
-611 -623 324 0
-611 -623 345 0
-611 -627 325 0
-611 -627 353 0
-611 -631 326 0
-611 -631 361 0
-611 -635 327 0
-611 -635 369 0
-611 -639 328 0
-611 -639 377 0
-615 -619 331 0
-615 -619 338 0
-615 -623 332 0
-615 -623 346 0
-615 -627 333 0
-615 -627 354 0
-615 -631 334 0
-615 -631 362 0
-615 -635 335 0
-615 -635 370 0
-615 -639 336 0
-615 -639 378 0
-619 -623 340 0
-619 -623 347 0
-619 -627 341 0
-619 -627 355 0
-619 -631 342 0
-619 -631 363 0
-619 -635 343 0
-619 -635 371 0
-619 -639 344 0
-619 -639 379 0
-623 -627 349 0
-623 -627 356 0
-623 -631 350 0
-623 -631 364 0
-623 -635 351 0
-623 -635 372 0
-623 -639 352 0
-623 -639 380 0
-627 -631 358 0
-627 -631 365 0
-627 -635 359 0
-627 -635 373 0
-627 -639 360 0
-627 -639 381 0
-631 -635 367 0
-631 -635 374 0
-631 -639 368 0
-631 -639 382 0
-635 -639 376 0
-635 -639 383 0
-612 -616 322 0
-612 -616 329 0
-612 -620 323 0
-612 -620 337 0
-612 -624 324 0
-612 -624 345 0
-612 -628 325 0
-612 -628 353 0
-612 -632 326 0
-612 -632 361 0
-612 -636 327 0
-612 -636 369 0
-612 -640 328 0
-612 -640 377 0
-616 -620 331 0
-616 -620 338 0
-616 -624 332 0
-616 -624 346 0
-616 -628 333 0
-616 -628 354 0
-616 -632 334 0
-616 -632 362 0
-616 -636 335 0
-616 -636 370 0
-616 -640 336 0
-616 -640 378 0
-620 -624 340 0
-620 -624 347 0
-620 -628 341 0
-620 -628 355 0
-620 -632 342 0
-620 -632 363 0
-620 -636 343 0
-620 -636 371 0
-620 -640 344 0
-620 -640 379 0
-624 -628 349 0
-624 -628 356 0
-624 -632 350 0
-624 -632 364 0
-624 -636 351 0
-624 -636 372 0
-624 -640 352 0
-624 -640 380 0
-628 -632 358 0
-628 -632 365 0
-628 -636 359 0
-628 -636 373 0
-628 -640 360 0
-628 -640 381 0
-632 -636 367 0
-632 -636 374 0
-632 -640 368 0
-632 -640 382 0
-636 -640 376 0
-636 -640 383 0
-641 -645 386 0
-641 -645 393 0
-641 -649 387 0
-641 -649 401 0
-641 -653 388 0
-641 -653 409 0
-641 -657 389 0
-641 -657 417 0
-641 -661 390 0
-641 -661 425 0
-641 -665 391 0
-641 -665 433 0
-641 -669 392 0
-641 -669 441 0
-645 -649 395 0
-645 -649 402 0
-645 -653 396 0
-645 -653 410 0
-645 -657 397 0
-645 -657 418 0
-645 -661 398 0
-645 -661 426 0
-645 -665 399 0
-645 -665 434 0
-645 -669 400 0
-645 -669 442 0
-649 -653 404 0
-649 -653 411 0
-649 -657 405 0
-649 -657 419 0
-649 -661 406 0
-649 -661 427 0
-649 -665 407 0
-649 -665 435 0
-649 -669 408 0
-649 -669 443 0
-653 -657 413 0
-653 -657 420 0
-653 -661 414 0
-653 -661 428 0
-653 -665 415 0
-653 -665 436 0
-653 -669 416 0
-653 -669 444 0
-657 -661 422 0
-657 -661 429 0
-657 -665 423 0
-657 -665 437 0
-657 -669 424 0
-657 -669 445 0
-661 -665 431 0
-661 -665 438 0
-661 -669 432 0
-661 -669 446 0
-665 -669 440 0
-665 -669 447 0
-642 -646 386 0
-642 -646 393 0
-642 -650 387 0
-642 -650 401 0
-642 -654 388 0
-642 -654 409 0
-642 -658 389 0
-642 -658 417 0
-642 -662 390 0
-642 -662 425 0
-642 -666 391 0
-642 -666 433 0
-642 -670 392 0
-642 -670 441 0
-646 -650 395 0
-646 -650 402 0
-646 -654 396 0
-646 -654 410 0
-646 -658 397 0
-646 -658 418 0
-646 -662 398 0
-646 -662 426 0
-646 -666 399 0
-646 -666 434 0
-646 -670 400 0
-646 -670 442 0
-650 -654 404 0
-650 -654 411 0
-650 -658 405 0
-650 -658 419 0
-650 -662 406 0
-650 -662 427 0
-650 -666 407 0
-650 -666 435 0
-650 -670 408 0
-650 -670 443 0
-654 -658 413 0
-654 -658 420 0
-654 -662 414 0
-654 -662 428 0
-654 -666 415 0
-654 -666 436 0
-654 -670 416 0
-654 -670 444 0
-658 -662 422 0
-658 -662 429 0
-658 -666 423 0
-658 -666 437 0
-658 -670 424 0
-658 -670 445 0
-662 -666 431 0
-662 -666 438 0
-662 -670 432 0
-662 -670 446 0
-666 -670 440 0
-666 -670 447 0
-643 -647 386 0
-643 -647 393 0
-643 -651 387 0
-643 -651 401 0
-643 -655 388 0
-643 -655 409 0
-643 -659 389 0
-643 -659 417 0
-643 -663 390 0
-643 -663 425 0
-643 -667 391 0
-643 -667 433 0
-643 -671 392 0
-643 -671 441 0
-647 -651 395 0
-647 -651 402 0
-647 -655 396 0
-647 -655 410 0
-647 -659 397 0
-647 -659 418 0
-647 -663 398 0
-647 -663 426 0
-647 -667 399 0
-647 -667 434 0
-647 -671 400 0
-647 -671 442 0
-651 -655 404 0
-651 -655 411 0
-651 -659 405 0
-651 -659 419 0
-651 -663 406 0
-651 -663 427 0
-651 -667 407 0
-651 -667 435 0
-651 -671 408 0
-651 -671 443 0
-655 -659 413 0
-655 -659 420 0
-655 -663 414 0
-655 -663 428 0
-655 -667 415 0
-655 -667 436 0
-655 -671 416 0
-655 -671 444 0
-659 -663 422 0
-659 -663 429 0
-659 -667 423 0
-659 -667 437 0
-659 -671 424 0
-659 -671 445 0
-663 -667 431 0
-663 -667 438 0
-663 -671 432 0
-663 -671 446 0
-667 -671 440 0
-667 -671 447 0
-644 -648 386 0
-644 -648 393 0
-644 -652 387 0
-644 -652 401 0
-644 -656 388 0
-644 -656 409 0
-644 -660 389 0
-644 -660 417 0
-644 -664 390 0
-644 -664 425 0
-644 -668 391 0
-644 -668 433 0
-644 -672 392 0
-644 -672 441 0
-648 -652 395 0
-648 -652 402 0
-648 -656 396 0
-648 -656 410 0
-648 -660 397 0
-648 -660 418 0
-648 -664 398 0
-648 -664 426 0
-648 -668 399 0
-648 -668 434 0
-648 -672 400 0
-648 -672 442 0
-652 -656 404 0
-652 -656 411 0
-652 -660 405 0
-652 -660 419 0
-652 -664 406 0
-652 -664 427 0
-652 -668 407 0
-652 -668 435 0
-652 -672 408 0
-652 -672 443 0
-656 -660 413 0
-656 -660 420 0
-656 -664 414 0
-656 -664 428 0
-656 -668 415 0
-656 -668 436 0
-656 -672 416 0
-656 -672 444 0
-660 -664 422 0
-660 -664 429 0
-660 -668 423 0
-660 -668 437 0
-660 -672 424 0
-660 -672 445 0
-664 -668 431 0
-664 -668 438 0
-664 -672 432 0
-664 -672 446 0
-668 -672 440 0
-668 -672 447 0
449 450 451 452 0
453 454 455 456 0
457 458 459 460 0
461 462 463 464 0
465 466 467 468 0
469 470 471 472 0
473 474 475 476 0
477 478 479 480 0
481 482 483 484 0
485 486 487 488 0
489 490 491 492 0
493 494 495 496 0
497 498 499 500 0
501 502 503 504 0
505 506 507 508 0
509 510 511 512 0
513 514 515 516 0
517 518 519 520 0
521 522 523 524 0
525 526 527 528 0
529 530 531 532 0
533 534 535 536 0
537 538 539 540 0
541 542 543 544 0
545 546 547 548 0
549 550 551 552 0
553 554 555 556 0
557 558 559 560 0
561 562 563 564 0
565 566 567 568 0
569 570 571 572 0
573 574 575 576 0
577 578 579 580 0
581 582 583 584 0
585 586 587 588 0
589 590 591 592 0
593 594 595 596 0
597 598 599 600 0
601 602 603 604 0
605 606 607 608 0
609 610 611 612 0
613 614 615 616 0
617 618 619 620 0
621 622 623 624 0
625 626 627 628 0
629 630 631 632 0
633 634 635 636 0
637 638 639 640 0
641 642 643 644 0
645 646 647 648 0
649 650 651 652 0
653 654 655 656 0
657 658 659 660 0
661 662 663 664 0
665 666 667 668 0
669 670 671 672 0